0 -0.1322041024218 -0.1332683103899 -0.5494447944142 -0.5463294385221 -0.8037177950812 -0.8093941386091 
0.0003255909676425 -0.132038671884 -0.1330685287684 -0.5490959341541 -0.5459726818324 -0.8029256524741 -0.8085332903811 
0.0003567109701508 -0.1320228555623 -0.1330494478007 -0.5490625892656 -0.5459385952294 -0.8028499581548 -0.8084510485997 
0.000390562861502 -0.13200564992 -0.1330286946066 -0.5490263170282 -0.5459015187375 -0.8027676226864 -0.8083615947385 
0.0004273637989549 -0.1319869443595 -0.1330061367938 -0.5489868847238 -0.5458612151524 -0.8026781188769 -0.8082643569503 
0.0004673462497551 -0.1319666204568 -0.1329816327334 -0.5489440432241 -0.545817430631 -0.8025808824976 -0.8081587233337 
0.0005107589171993 -0.1319445514819 -0.1329550310171 -0.5488975259973 -0.5457698936983 -0.8024753100644 -0.8080440395553 
0.00055786771192 -0.1319206019014 -0.1329261698921 -0.5488470480677 -0.5457183142111 -0.8023607565175 -0.8079196063657 
0.000608956769832 -0.1318946268484 -0.1328948766709 -0.5487923049239 -0.5456623822722 -0.8022365327922 -0.8077846770021 
0.0006643295183739 -0.1318664715698 -0.1328609671181 -0.5487329713763 -0.5456017670978 -0.8021019032805 -0.8076384544793 
0.0007243097924936 -0.1318359708477 -0.1328242448112 -0.5486687003611 -0.5455361158351 -0.8019560831802 -0.8074800887657 
0.0007892430019918 -0.1318029483926 -0.1327845004779 -0.5485991216896 -0.5454650523299 -0.8017982357288 -0.8073086738423 
0.0008594973517961 -0.1317672162071 -0.1327415113082 -0.5485238407409 -0.5453881758435 -0.80162746932 -0.8071232446432 
0.0009354651166971 -0.1317285739205 -0.132695040242 -0.5484424370978 -0.545305059717 -0.8014428345009 -0.8069227738775 
0.001017563972144 -0.1316868080929 -0.132644835233 -0.5483544631216 -0.5452152499845 -0.8012433208472 -0.8067061687297 
0.001106238382664 -0.1316416914883 -0.1325906284875 -0.5482594424677 -0.545118263932 -0.8010278537157 -0.8064722674414 
0.001201961049496 -0.1315929823142 -0.132532135681 -0.5481568685381 -0.5450135886043 -0.8007952908722 -0.8062198357712 
0.001305234418963 -0.1315404234291 -0.1324690551511 -0.5480462028707 -0.5449006792578 -0.8005444189933 -0.8059475633355 
0.001416592253167 -0.131483741514 -0.1324010670697 -0.5479268734632 -0.5447789577605 -0.8002739500426 -0.805654059832 
0.001536601264562 -0.1314226462111 -0.1323278325935 -0.5477982730326 -0.544647810939 -0.7999825175202 -0.8053378511453 
0.001665862815908 -0.1313568292245 -0.1322489929965 -0.5476597572059 -0.5445065888726 -0.7996686725865 -0.8049973753414 
0.001805014687162 -0.131285963385 -0.1321641687838 -0.547510642645 -0.5443546031368 -0.7993308800608 -0.8046309785509 
0.001954732910742 -0.1312097016784 -0.1320729587911 -0.5473502051022 -0.5441911249959 -0.7989675142967 -0.8042369107488 
0.002115733676716 -0.1311276762344 -0.1319749392706 -0.5471776774077 -0.5440153835471 -0.7985768549369 -0.8038133214349 
0.002288775309311 -0.1310394972785 -0.131869662966 -0.5469922473883 -0.5438265638177 -0.79815708255 -0.8033582552233 
0.002474660316171 -0.1309447520456 -0.1317566581812 -0.5467930557184 -0.5436238048183 -0.797706274155 -0.8028696473481 
0.002674237511774 -0.1308430036543 -0.1316354278448 -0.5465791937025 -0.5434061975549 -0.7972223986383 -0.8023453190971 
0.002888404216356 -0.1307337899445 -0.1315054485749 -0.5463497009927 -0.543172783003 -0.7967033120688 -0.8017829731838 
0.003118108531625 -0.1306166222766 -0.1313661697495 -0.5461035632403 -0.5429225500483 -0.7961467529229 -0.8011801890724 
0.003364351694574 -0.1304909842959 -0.1312170125868 -0.545839709687 -0.5426544333993 -0.7955503372252 -0.8005344182719 
0.003628190510668 -0.130356330661 -0.1310573692419 -0.5455570106955 -0.5423673114769 -0.7949115536203 -0.799842979616 
0.003910739867441 -0.1302120857413 -0.1308866019258 -0.5452542752278 -0.5420600042878 -0.7942277583873 -0.7991030545521 
0.004213175329815 -0.1300576422843 -0.1307040420553 -0.5449302482717 -0.5417312712894 -0.793496170415 -0.7983116824606 
0.004536735818106 -0.1298923600574 -0.1305089894403 -0.544583608227 -0.5413798092555 -0.7927138661562 -0.7974657560329 
0.004882726369726 -0.1297155644693 -0.1303007115189 -0.5442129642546 -0.5410042501513 -0.7918777745834 -0.7965620167386 
0.005252520985644 -0.1295265451759 -0.1300784426496 -0.5438168536021 -0.5406031590303 -0.7909846721714 -0.7955970504151 
0.005647565562389 -0.1293245546788 -0.1298413834717 -0.5433937389141 -0.5401750319651 -0.7900311779367 -0.7945672830184 
0.006069380910473 -0.1291088069245 -0.1295887003465 -0.5429420055434 -0.5397182940263 -0.7890137485664 -0.7934689765787 
0.006519565860008 -0.1288784759157 -0.1293195248919 -0.5424599588768 -0.5392312973264 -0.7879286736756 -0.7922982254084 
0.006999800454172 -0.1286326943456 -0.1290329536254 -0.5419458216969 -0.5387123191456 -0.7867720712374 -0.7910509526155 
0.007511849231123 -0.1283705522727 -0.128728047731 -0.5413977315993 -0.5381595601603 -0.7855398832339 -0.7897229069832 
0.008057564594932 -0.12809109585 -0.1284038329683 -0.5408137384926 -0.5375711427964 -0.7842278715851 -0.7883096602804 
0.008638890275953 -0.1277933261325 -0.1280592997404 -0.5401918022101 -0.5369451097331 -0.7828316144183 -0.7868066050766 
0.009257864880974 -0.1274761979844 -0.1276934033441 -0.5395297902673 -0.5362794225836 -0.7813465027496 -0.7852089531416 
0.009916625533474 -0.1271386191141 -0.1273050644205 -0.5388254758033 -0.535571960784 -0.779767737656 -0.7835117345181 
0.0106174116041 -0.1267794492676 -0.1268931696324 -0.5380765357515 -0.5348205207245 -0.7780903280277 -0.781709797364 
0.01136256853155 -0.1263974996178 -0.126456572593 -0.5372805492899 -0.5340228151594 -0.7763090889998 -0.7797978086708 
0.01215455173372 -0.1259915323876 -0.1259940950712 -0.5364349966262 -0.5331764729367 -0.7744186411716 -0.7777702559723 
0.01299593060914 -0.1255602607549 -0.1255045285042 -0.5355372581832 -0.5322790390921 -0.7724134107366 -0.7756214501697 
0.01388939262844 -0.1251023490893 -0.1249866358461 -0.5345846142547 -0.5313279753559 -0.7702876306555 -0.7733455296071 
0.0148377475155 -0.1246164135771 -0.1244391537852 -0.5335742452113 -0.5303206611247 -0.7680353430189 -0.7709364655431 
0.01584393151797 -0.1241010232992 -0.1238607953617 -0.5325032323434 -0.5292543949561 -0.7656504027596 -0.7683880691737 
0.01691101176648 -0.1235547018292 -0.1232502530225 -0.5313685594384 -0.5281263966469 -0.7631264828879 -0.7656940003718 
0.01804219072213 -0.1229759294278 -0.1226062021463 -0.5301671151949 -0.5269338099598 -0.760457081437 -0.762847778318 
0.01924081071129 -0.1223631459145 -0.1219273050774 -0.5288956965904 -0.52567370607 -0.7576355303191 -0.7598427942067 
0.02051035854702 -0.1217147543036 -0.1212122157029 -0.5275510133222 -0.5243430878045 -0.7546550063073 -0.756672326217 
0.02185447023607 -0.1210291252957 -0.1204595846128 -0.5261296934531 -0.5229388947527 -0.751508544369 -0.7533295569479 
0.02327693577038 -0.1203046027217 -0.1196680648755 -0.5246282903987 -0.5214580093281 -0.7481890535877 -0.7498075935163 
0.02478170400191 -0.1195395100368 -0.1188363184672 -0.5230432914009 -0.5198972638676 -0.7446893359209 -0.7460994905214 
0.02637288759942 -0.1187321579673 -0.1179630233853 -0.521371127634 -0.5182534488515 -0.7410021080459 -0.742198276075 
0.02805476808581 -0.1178808534062 -0.1170468814769 -0.5196081860948 -0.5165233223326 -0.7371200265478 -0.7380969810917 
0.02983180095447 -0.1169839096579 -0.1160866270075 -0.5177508234259 -0.5147036206603 -0.7330357167069 -0.7337886720215 
0.03170862086287 -0.1160396581186 -0.1150810359906 -0.5157953818177 -0.5127910705844 -0.7287418051283 -0.7292664871905 
0.03369004690169 -0.1150464614755 -0.1140289362913 -0.5137382071272 -0.5107824028179 -0.7242309564513 -0.7245236768927 
0.03578108793749 -0.114002728488 -0.1129292185087 -0.5115756693376 -0.5086743671342 -0.7194959143495 -0.7195536473425 
0.03798694802682 -0.112906930401 -0.1117808476331 -0.509304185466 -0.5064637490637 -0.714529547005 -0.7143500085593 
0.04031303189979 -0.1117576190093 -0.1105828754604 -0.5069202449984 -0.5041473882429 -0.709324897201 -0.7089066262054 
0.04276495051047 -0.1105534463687 -0.1093344537318 -0.5044204379015 -0.5017221984544 -0.7038752371242 -0.7032176773368 
0.04534852665197 -0.109293186106 -0.1080348479531 -0.5018014852204 -0.4991851893783 -0.6981741279062 -0.6972777099567 
0.04806980063354 -0.1079757562416 -0.1066834518265 -0.4990602722178 -0.4965334900499 -0.6922154838546 -0.6910817061766 
0.05093503601692 -0.106600243384 -0.1052798022086 -0.4961938839589 -0.4937643739939 -0.685993641233 -0.6846251486935 
0.05395072540927 -0.1051659281015 -0.1038235944857 -0.4931996431718 -0.4908752859713 -0.6795034313437 -0.6779040901833 
0.05712359630955 -0.1036723112071 -0.1023146982308 -0.4900751501398 -0.4878638702403 -0.6727402575401 -0.6709152250921 
0.06046061700557 -0.1021191406293 -0.1007531729819 -0.4868183242936 -0.4847280001892 -0.6657001756643 -0.6636559631716 
0.06396900251813 -0.1005064384605 -0.09913928395143 -0.4834274470779 -0.481465809155 -0.6583799772479 -0.6561245039683 
0.06765622058927 -0.09883452770006 -0.09747351744605 -0.4799012055626 -0.4780757221898 -0.6507772746536 -0.6483199113246 
0.07152999771099 -0.09710405812982 -0.09575659574972 -0.4762387361642 -0.4745564884845 -0.642890587158 -0.6402421868002 
0.07559832519087 -0.09531603068092 -0.09398949118901 -0.4724396677314 -0.4709072141014 -0.6347194267964 -0.6318923407713 
0.07986946525098 -0.09347181958005 -0.09217343907425 -0.4685041631405 -0.4671273946097 -0.6262643826043 -0.6232724598134 
0.08435195715611 -0.09157319149817 -0.0903099491832 -0.4644329584412 -0.4632169471578 -0.6175272017125 -0.6143857688465 
0.08905462336756 -0.08962232087563 -0.0884008154318 -0.4602273985 -0.4591762414627 -0.6085108655785 -0.605236686396 
0.09398657571812 -0.08762180056486 -0.08644812335993 -0.4558894680072 -0.4550061291362 -0.5992196594878 -0.5958308712377 
0.09915722160435 -0.08557464692308 -0.08445425505004 -0.4514218166556 -0.4507079707277 -0.5896592333301 -0.5861752586349 
0.1045762701916 -0.08348429850853 -0.08242189109486 -0.4468277772705 -0.446283659817 -0.5798366515668 -0.576278084367 
0.1102537386273 -0.08135460758753 -0.0803540092394 -0.4421113756719 -0.4417356434662 -0.569760430263 -0.5661488947852 
0.1161999582583 -0.07918982375401 -0.07825387934304 -0.4372773311003 -0.4370669383254 -0.5594405590742 -0.5557985412371 
0.122425580847 -0.07699456909946 -0.076125054342 -0.4323310461288 -0.4322811416884 -0.5488885061583 -0.5452391573722 
0.1289415847819 -0.07477380455452 -0.07397135694159 -0.4272785851376 -0.4273824368198 -0.5381172041454 -0.5344841180923 
0.1357592812774 -0.07253278725342 -0.07179686183286 -0.4221266406302 -0.4223755919205 -0.5271410155452 -0.5235479792392 
0.1428903205578 -0.0702770190483 -0.06960587330988 -0.4168824869427 -0.4172659521702 -0.5159756763059 -0.5124463975283 
0.1503466980203 -0.06801218661912 -0.067402898262 -0.4115539212262 -0.41205942438 -0.5046382166749 -0.5011960307332 
0.1581407603723 -0.06574409397838 -0.06519261462849 -0.4061491919684 -0.4067624539154 -0.4931468590317 -0.4898144186946 
0.1662852117359 -0.06347858854876 -0.06297983553086 -0.4006769157604 -0.4013819936982 -0.4815208929772 -0.4783198463639 
0.1747931197167 -0.0612214823815 -0.06076946943599 -0.3951459834918 -0.3959254652687 -0.4697805286503 -0.4667311907724 
0.1836779214279 -0.058978470467 -0.05856647684926 -0.3895654576633 -0.3904007120875 -0.4579467299873 -0.4550677545221 
0.1929534294678 -0.05675504844528 -0.05637582418514 -0.3839444630101 -0.3848159454647 -0.4460410304184 -0.4433490890956 
0.2026338378408 -0.05455643232894 -0.05420243560791 -0.3782920731262 -0.3791796837276 -0.4340853342825 -0.4315948119469 
0.2127337278194 -0.05238748308114 -0.05205114377024 -0.3726171962221 -0.3735006854588 -0.4221017079925 -0.4198244219205 
0.2232680737388 -0.05025263901738 -0.0499266404958 -0.3669284635173 -0.3677878778549 -0.4101121656715 -0.4080571180181 
0.2342522487183 -0.04815585900151 -0.04783342854469 -0.3612341240373 -0.362050281453 -0.3981384545463 -0.3963116268438 
0.2457020303044 -0.04610057925736 -0.04577577566098 -0.3555419497062 -0.3562969326451 -0.3862018458055 -0.3846060441709 
0.2576336060276 -0.04408968630616 -0.0437576721222 -0.3498591545905 -0.3505368055325 -0.3743229368366 -0.3729576959524 
0.2700635788669 -0.04212550805313 -0.04178279298393 -0.3441923319167 -0.3447787347598 -0.3625214707434 -0.3613830237113 
0.2830089726155 -0.04020982438794 -0.0398544661364 -0.3385474120567 -0.3390313409956 -0.3508161787489 -0.349897498584 
0.2964872371412 -0.03834389784467 -0.03797564715838 -0.3329296440217 -0.3333029606943 -0.3392246505193 -0.3385155673388 
0.3105162535332 -0.03652852391122 -0.03614890176976 -0.327343602161 -0.3276015816773 -0.3277632365805 -0.3272506324795 
0.3251143391307 -0.03476409952702 -0.03437639644906 -0.3217932187168 -0.3219347859028 -0.3164469858551 -0.3161150670877 
0.3403002524233 -0.0330507072104 -0.03265989750268 -0.3162818416992 -0.3163097005705 -0.3052896199659 -0.3051202634288 
0.3560931978189 -0.03138821117879 -0.03100077856011 -0.3108123162545 -0.3107329584254 -0.2943035443661 -0.2942767125982 
0.372512830269 -0.02977636083678 -0.02940003613457 -0.3053870863639 -0.3052106678028 -0.283499894659 -0.2835941107315 
0.3895792597471 -0.02821489618727 -0.02785831255037 -0.3000083124228 -0.2997483926067 -0.2728886147229 -0.2730814856248 
0.407313055569 -0.02670364914563 -0.02637592521267 -0.2946779990726 -0.2943511420586 -0.2624785615888 -0.2627473361429 
0.4257352505512 -0.02524263447655 -0.02495290090366 -0.2893981266944 -0.2890233697061 -0.2522776305093 -0.2525997756379 
0.4448673449965 -0.02383212418502 -0.02358901354963 -0.2841707792987 -0.2837689808696 -0.2422928924408 -0.2426466698699 
0.4647313105013 -0.02247269971425 -0.02228382373467 -0.2789982612363 -0.2785913474421 -0.2325307353181 -0.232895759705 
0.4853495935753 -0.02116527724555 -0.02103671815378 -0.2738831952719 -0.2734933287663 -0.2229970001324 -0.2233547592333 
0.5067451190659 -0.01991110273868 -0.0198469472115 -0.2688285951301 -0.2684772971973 -0.2136971029763 -0.2140314209268 
0.5289412933803 -0.01871171504498 -0.01871365908705 -0.263837906665 -0.263545166934 -0.2046361349355 -0.2049335610412 
0.5519620074954 -0.01756887738224 -0.01763592880191 -0.2589150132739 -0.2586984247609 -0.1958189329664 -0.1960690406001 
0.5758316397484 -0.01648447956606 -0.01661278113219 -0.2540642030293 -0.2539381614818 -0.1872501166541 -0.1874456998859 
0.6005750583996 -0.01546041550561 -0.01564320659028 -0.2492900971354 -0.2492651030312 -0.1789340879181 -0.1790712472564 
0.6262176239589 -0.0144984424385 -0.01472617013676 -0.2445975416126 -0.244679640498 -0.1708749931734 -0.1709531061348 
0.6527851912673 -0.01360003004103 -0.01386061274647 -0.2399914664274 -0.2401818585745 -0.1630766500319 -0.1630982269797 
0.6803041113255 -0.01276620875879 -0.01304544641237 -0.2354767184567 -0.2357715622094 -0.1555424431489 -0.1555128737201 
0.7088012328599 -0.01199742733327 -0.01227954359554 -0.231057876561 -0.2314483014889 -0.1482751961078 -0.1482023963313 
0.7383039036186 -0.01129342946701 -0.01156172248912 -0.226739058479 -0.2272113949636 -0.1412770281231 -0.1411710027578 
0.7688399713875 -0.01065315883057 -0.01089072973228 -0.2225237301415 -0.2230599517624 -0.1345492056695 -0.1344215441034 
0.8004377847188 -0.0100747001879 -0.01026522236722 -0.2184145282459 -0.2189928928849 -0.1280919998106 -0.1279553268377 
0.8331261933616 -0.009555262370683 -0.009683750865852 -0.2144131064952 -0.2150089720343 -0.1219045599345 -0.1217719646831 
0.8669345483871 -0.009091206297266 -0.009144744960326 -0.2105200147975 -0.211106796252 -0.115984813798 -0.1158692808883 
0.9018927019991 -0.008678118378628 -0.008646503800182 -0.2067346190112 -0.2072848464598 -0.1103294022875 -0.1102432689024 
0.9380310070197 -0.008310926688755 -0.008187191644578 -0.2030550666058 -0.203541497828 -0.1049336552209 -0.1048881161869 
0.9753803160432 -0.007984054422586 -0.007764839904823 -0.1994783010439 -0.1998750396879 -0.09979161200025 -0.09979629229015 
1.013971980247 -0.007691602639297 -0.00737735591039 -0.1960001249497 -0.1962836945349 -0.09489608815148 -0.09495869859583 
1.053837847851 -0.007427552288507 -0.007022538313708 -0.1926153093985 -0.1927656355335 -0.09023878597012 -0.09036487361749 
1.09501026222 -0.007185974197945 -0.006698098609035 -0.1893177441253 -0.1893190018724 -0.08581044482621 -0.08600324457887 
1.137522059593 -0.006961235163614 -0.006401687849667 -0.1861006212844 -0.1859419113284 -0.08160102435784 -0.08186141351898 
1.181406566435 -0.006748188564928 -0.006130927331797 -0.1829566437191 -0.1826324694985 -0.07759991195702 -0.0779264644421 
1.226697596404 -0.006542338998012 -0.005883441791731 -0.1798782476291 -0.1793887753294 -0.073796144735 -0.0741852771965 
1.273429446919 -0.006339972187289 -0.005656893546578 -0.1768578290935 -0.1762089228172 -0.07017863560674 -0.07062483383639 
1.321636895321 -0.006138243752351 -0.00544901599927 -0.173887964121 -0.1730909990261 -0.06673639326238 -0.06723250415522 
1.371355194626 -0.005935223087536 -0.005257645020438 -0.1709616127048 -0.1700330788769 -0.06345872655085 -0.06399629877034 
1.422620068848 -0.0057298914479 -0.005080746898893 -0.1680722986749 -0.1670332174355 -0.06033542509727 -0.06090508043211 
1.47546770789 -0.00552209611614 -0.004916441800175 -0.1652142588396 -0.1640894406759 -0.05735690968688 -0.05794872693531 
1.529934762001 -0.00531246505503 -0.004763021966306 -0.1623825568594 -0.1611997358679 -0.05451434792794 -0.05511824192049 
1.586058335771 -0.005102288563727 -0.004618964205753 -0.1595731593584 -0.1583620428355 -0.05179973280192 -0.05240581276282 
1.643875981682 -0.004893376031832 -0.004482936537586 -0.1567829738024 -0.1555742473268 -0.0492059237741 -0.04980481746911 
1.703425693177 -0.004687896849371 -0.00435379914742 -0.154009849557 -0.1528341776473 -0.04672665203989 -0.04730978488368 
1.764745897267 -0.004488214862963 -0.004230600068399 -0.1512525451588 -0.1501396055185 -0.044356493118 -0.0449163144241 
1.827875446645 -0.004296725495505 -0.004112566206299 -0.1485106661428 -0.1474882518722 -0.04209081129525 -0.04262096295694 
1.892853611308 -0.004115703838208 -0.003999090477004 -0.1457845787078 -0.1448777979745 -0.03992568133783 -0.04042110725347 
1.959720069687 -0.003947170780828 -0.003889715915164 -0.1430753050684 -0.1423059019377 -0.03785779339936 -0.03831479074996 
2.028514899263 -0.003792782690169 -0.003784117647108 -0.1403844065477 -0.1397702203285 -0.0358843471948 -0.03630056312495 
2.099278566665 -0.003653748409136 -0.003682083604855 -0.1377138603382 -0.1372684342588 -0.0340029413106 -0.0343773205706 
2.172051917251 -0.003530775556711 -0.003583494799646 -0.1350659354606 -0.1347982790571 -0.03221146304245 -0.03254415366948 
2.246876164157 -0.00342404638058 -0.003488305882479 -0.1324430728278 -0.1323575763936 -0.0305079834578 -0.03080020859007 
2.323792876806 -0.003333221846639 -0.003396526605975 -0.1298477735519 -0.1299442675764 -0.02889066154124 -0.02914456598438 
2.402843968877 -0.003257471318659 -0.00330820467639 -0.1272824987636 -0.1275564466524 -0.02735766036353 -0.02757614060063 
2.484071685719 -0.003195524137313 -0.003223410355693 -0.1247495833193 -0.1251923919464 -0.02590707728229 -0.0260936032935 
2.567518591215 -0.003145738675692 -0.003142223048888 -0.1222511648887 -0.1228505947399 -0.02453688928457 -0.02469532588879 
2.653227554076 -0.003106184031158 -0.003064719997128 -0.1197891290944 -0.1205297839231 -0.02324491376213 -0.02337934828694 
2.741241733572 -0.003074729393813 -0.002990967096785 -0.117365070644 -0.1182289456415 -0.0220287842975 -0.02214336630153 
2.831604564689 -0.003049136278195 -0.002921011781142 -0.1149802697681 -0.1159473371801 -0.02088594045239 -0.02098473804079 
2.924359742707 -0.003027149173966 -0.002854877835799 -0.1126356827818 -0.1136844945793 -0.01981363009799 -0.01990050615461 
3.019551207196 -0.003006580714412 -0.002792561971112 -0.1103319452063 -0.1114402337329 -0.0188089225091 -0.01888743297662 
3.117223125423 -0.002985388127023 -0.002734031943923 -0.1080693856338 -0.1092146449738 -0.01786873025308 -0.01794204547425 
3.217419875175 -0.002961738468027 -0.002679226004669 -0.1058480483737 -0.1070080813935 -0.016989837829 -0.01706068695446 
3.320186026983 -0.002934060906176 -0.002628053442477 -0.1036677228777 -0.1048211413538 -0.01616893503507 -0.0162395726336 
3.425566325751 -0.002901085069687 -0.002580396007567 -0.1015279779776 -0.1026546458327 -0.01540265314636 -0.0154748464371 
3.533605671791 -0.002861865170549 -0.002536110004831 -0.09942819908604 -0.1005096113893 -0.0146876021514 -0.01476263672166 
3.644349101251 -0.002815790246438 -0.002495028872376 -0.0973676266671 -0.0983872196387 -0.01402040750763 -0.01409910898309 
3.75784176595 -0.002762581394162 -0.0024569660821 -0.0953453944898 -0.09628878419101 -0.01339774511479 -0.01348051400331 
3.874128912606 -0.002702277298666 -0.002421718224089 -0.0933605663969 -0.09421571603223 -0.01281637345821 -0.01290323028099 
3.993255861463 -0.002635209684028 -0.002389068161412 -0.09141217055843 -0.09216948831587 -0.01227316212702 -0.01236379996558 
4.115267984322 -0.002561970528542 -0.002358788165419 -0.08949923041266 -0.09015160148839 -0.01176511615592 -0.01185895786056 
4.240210681967 -0.002483373000806 -0.002330642963238 -0.08762079172345 -0.08816354960155 -0.01128939586482 -0.01138565337115 
4.368129360996 -0.002400408097142 -0.00230439264811 -0.08577594539315 -0.08620678857196 -0.01084333207323 -0.010941065537 
4.499069410056 -0.0023141989042 -0.00227979541934 -0.08396384586031 -0.08428270703862 -0.01042443674098 -0.01052261150961 
4.633076175488 -0.002225954287984 -0.002256610131759 -0.0821837250778 -0.08239260034972 -0.01003040923306 -0.01012794900644 
4.770194936384 -0.002136923635408 -0.002234598644886 -0.08043490220801 -0.0805376480841 -0.009659138522311 -0.009754973400221 
4.910470879062 -0.002048354061224 -0.002213527969572 -0.07871678928652 -0.07871889538649 -0.009308701731224 -0.009401810185962 
5.053949070957 -0.00196145125481 -0.002193172215161 -0.07702889319514 -0.07693723827304 -0.00897735947384 -0.009066803613519 
5.200674433956 -0.00187734489045 -0.002173314343427 -0.07537081435016 -0.07519341294714 -0.00866354849457 -0.008748502285026 
5.350691717153 -0.001797059272147 -0.002153747737168 -0.07374224255442 -0.0734879890601 -0.008365872113975 -0.008445642499499 
5.50404546906 -0.00172148963909 -0.002134277591646 -0.07214295048419 -0.07182136675665 -0.008083088986592 -0.008157130086376 
5.660780009266 -0.001651384328272 -0.002114722136555 -0.07057278528704 -0.07019377726528 -0.007814100655378 -0.007882021411305 
5.82093939956 -0.001587332782431 -0.002094913695031 -0.06903165875678 -0.06860528672703 -0.007557938354702 -0.007619504165758 
5.984567414531 -0.001529759208676 -0.002074699584836 -0.06751953652959 -0.06705580290543 -0.007313749472102 -0.007368878471771 
6.151707511647 -0.001478921538698 -0.002053942865346 -0.06603642671395 -0.06554508438357 -0.007080784031088 -0.007129538748295 
6.322402800836 -0.001434915216689 -0.002032522932652 -0.06458236832809 -0.06407275183166 -0.006858381505666 -0.006900956699708 
6.496696013581 -0.001397681246122 -0.002010335964 -0.06315741987521 -0.06263830091877 -0.006645958224171 -0.006682665703086 
6.674629471535 -0.001367017860575 -0.00198729521208 -0.06176164834038 -0.06124111644507 -0.006442995567441 -0.006474246791055 
6.856245054681 -0.001342595145065 -0.001963331149357 -0.06039511884547 -0.05988048728294 -0.006249029115706 -0.00627531635343 
7.04158416905 -0.001323971920434 -0.001938391462774 -0.05905788515157 -0.05855562173748 -0.006063638851221 -0.006085515614588 
7.230687714008 -0.001310614211652 -0.001912440899638 -0.05774998115285 -0.05726566296548 -0.005886440480382 -0.005904501885573 
7.423596049146 -0.001301914647991 -0.001885460966431 -0.05647141346319 -0.05600970412646 -0.005717077900586 -0.005731941540666 
7.620348960779 -0.001297212185892 -0.001857449483454 -0.05522215515759 -0.05478680297835 -0.005555216803705 -0.005567504627783 
7.820985628072 -0.001295811600614 -0.001828419999643 -0.0540021406947 -0.05359599567142 -0.005400539379938 -0.00541086099025 
8.025544588834 -0.001297002257093 -0.001798401073536 -0.05281126201595 -0.0524363095373 -0.005252740063007 -0.005261677754026 
8.234063704978 -0.001300075741017 -0.001767435428006 -0.05164936578969 -0.05130677471237 -0.005111522239841 -0.005119618018512 
8.446580127689 -0.001304342004999 -0.00173557898811 -0.05051625174644 -0.05020643447698 -0.004976595834943 -0.004984340580103 
8.663130262318 -0.001309143759429 -0.00170289981302 -0.04941167203348 -0.04913435423202 -0.004847675670981 -0.00485550051476 
8.883749733022 -0.001313868910959 -0.001669476934514 -0.04833533150271 -0.04808962907172 -0.004724480502495 -0.004732750448184 
9.108473347193 -0.001317960921722 -0.001635399115843 -0.0472868888361 -0.04707138994608 -0.004606732618356 -0.00461574234892 
9.337335059682 -0.001320927027869 -0.001600763545877 -0.04626595840615 -0.04607880843663 -0.004494157910318 -0.00450412968989 
9.570367936871 -0.001322344315584 -0.001565674484301 -0.04527211276568 -0.04511110019653 -0.004386486309139 -0.004397569836791 
9.807604120599 -0.001321863705607 -0.001530241874174 -0.04430488566041 -0.04416752712802 -0.004283452495818 -0.0042957265366 
10.04907479199 -0.001319211942917 -0.001494579938444 -0.04336377546003 -0.04324739838945 -0.004184796803058 -0.004198272395496 
10.29481013522 -0.001314191726269 -0.001458805776998 -0.04244824890685 -0.0423500703383 -0.00409026623066 -0.004104891252187 
10.54483930122 -0.001306680142745 -0.001423037980492 -0.04155774508685 -0.04147494552714 -0.003999615507822 -0.004015280369368 
10.7991903714 -0.001296625595521 -0.001387395276636 -0.04069167953459 -0.04062147087687 -0.003912608144892 -0.003929152382412 
11.05789032138 -0.001284043429002 -0.001351995223761 -0.03984944839114 -0.03978913515461 -0.003829017426748 -0.003846236959983 
11.32096498483 -0.001269010464773 -0.001316952965435 -0.03903043254253 -0.03897746588459 -0.00374862730931 -0.003766282145846 
11.58843901736 -0.001251658665131 -0.001282380058647 -0.03823400167476 -0.03818602581767 -0.003671233189662 -0.003689055364405 
11.86033586059 -0.001232168138821 -0.001248383386638 -0.03745951819051 -0.03741440908113 -0.003596642528602 -0.003614344084375 
12.13667770636 -0.001210759696823 -0.001215064165939 -0.03670634094117 -0.03666223712313 -0.003524675312025 -0.003541956145299 
12.41748546121 -0.001187687155278 -0.001182517055541 -0.03597382873642 -0.03592915455883 -0.003455164344428 -0.00347171976044 
12.7027787111 -0.001163229568661 -0.001150829374434 -0.03526134360186 -0.03521482501497 -0.003387955373769 -0.003403483216732 
12.9925756864 -0.001137683559775 -0.001120080432054 -0.03456825376249 -0.03451892706021 -0.003322907052036 -0.003337114298236 
13.28689322725 -0.001111355894835 -0.001090340974506 -0.03389393633732 -0.03384115029693 -0.003259890740127 -0.003272499463781 
13.58574674929 -0.001084556432278 -0.001061672747753 -0.03323777973644 -0.03318119167955 -0.00319879016906 -0.003209542812416 
13.88915020987 -0.001057591553835 -0.001034128177438 -0.03259918575786 -0.03253875211289 -0.00313950097214 -0.003148164872034 
14.19711607463 -0.001030758166005 -0.001007750163479 -0.03197757138642 -0.03191353337329 -0.003081930104574 -0.003088301247127 
14.50965528468 -0.001004338340195 -0.0009825719862283 -0.03137237030142 -0.03130523538443 -0.003025995168232 -0.003029901161352 
14.82677722429 -0.0009785946405223 -0.0009586173197648 -0.03078303410334 -0.03071355386985 -0.002971623659822 -0.002972925929444 
15.14848968921 -0.0009537661701522 -0.0009359003467472 -0.03020903327315 -0.03013817839476 -0.002918752160823 -0.002917347391206 
15.47479885563 -0.0009300653501696 -0.0009144259683368 -0.02964985787992 -0.02957879080116 -0.002867325487099 -0.002863146338008 
15.80570924983 -0.0009076754296917 -0.0008941901018799 -0.02910501805451 -0.02903506403251 -0.00281729581534 -0.00281031095944 
16.14122371856 -0.0008867487122343 -0.0008751800583961 -0.0285740442484 -0.02850666133744 -0.002768621802399 -0.002758835334779 
16.48134340023 -0.0008674054714182 -0.0008573749914264 -0.02805648729738 -0.0279932358362 -0.002721267712241 -0.002708717990667 
16.8260676969 -0.0008497335189432 -0.0008407464084463 -0.02755191831057 -0.02749443042825 -0.00267520256374 -0.002659960543126 
17.17539424717 -0.0008337883793781 -0.0008252587358472 -0.02705992840495 -0.02700987801589 -0.002630399310914 -0.002612566438715 
17.52931889998 -0.0008195940196605 -0.0008108699284199 -0.02658012830544 -0.02653920201514 -0.002586834065533 -0.002566539806401 
17.88783568938 -0.0008071440762018 -0.0007975321143306 -0.02611214783016 -0.02608201712318 -0.002544485370296 -0.002521884428592 
18.25093681029 -0.0007964035190844 -0.0007851922667489 -0.02565563527934 -0.02563793030979 -0.002503333529134 -0.00247860283688 
18.61861259539 -0.0007873106908377 -0.000773792893559 -0.0252102567458 -0.02520654199978 -0.00246335999953 -0.002436695535315 
18.990851493 -0.0007797796566452 -0.000763272736948 -0.02477569536351 -0.02478744741282 -0.002424546850251 -0.002396160351544 
19.3676400462 -0.0007737028033389 -0.0007535674751013 -0.02435165050967 -0.02438023802786 -0.002386876286398 -0.002356991914007 
19.7489628731 -0.0007689536261046 -0.0007446104187403 -0.02393783697439 -0.02398450314001 -0.002350330242425 -0.002319181251388 
20.13480264832 -0.0007653896442586 -0.0007363331957889 -0.02353398411093 -0.02359983147924 -0.00231489004253 -0.002282715508923 
20.52514008581 -0.000762855390648 -0.0007286664180518 -0.02313983497773 -0.02322581286183 -0.002280536126854 -0.002247577774786 
20.91995392292 -0.0007611854230057 -0.0007215403244053 -0.0227551454826 -0.02286203984761 -0.002247247840942 -0.002213747008651 
21.31922090582 -0.0007602073098452 -0.000714885395643 -0.02237968353782 -0.02250810937826 -0.002215003285234 -0.002181198063727 
21.7229157764 -0.0007597445480659 -0.0007086329367609 -0.02201322823379 -0.02216362437407 -0.002183779220683 -0.00214990179291 
22.13101126051 -0.0007596193742486 -0.00070271562311 -0.02165556903771 -0.02182819526953 -0.002153551026148 -0.00211982522936 
22.54347805768 -0.0007596554365419 -0.0006970680074752 -0.02130650502252 -0.02150144147001 -0.002124292702823 -0.002090931831604 
22.96028483241 -0.0007596802989814 -0.0006916269857537 -0.02096584413038 -0.0211829927149 -0.002095976920743 -0.002063181783264 
23.38139820695 -0.000759527754954 -0.0006863322194934 -0.02063340247414 -0.02087249033483 -0.002068575102253 -0.002036532337708 
23.80678275561 -0.0007590399312608 -0.0006811265141124 -0.02030900367899 -0.02056958839286 -0.002042057537311 -0.002010938198158 
24.23640100079 -0.0007580691687605 -0.0006759561521457 -0.01999247826615 -0.02027395470226 -0.002016393525509 -0.001986351924256 
24.6702134105 -0.0007564796698735 -0.0006707711813505 -0.01968366307937 -0.01998527171529 -0.001991551539863 -0.001962724356572 
25.10817839767 -0.0007541489072114 -0.0006655256579528 -0.01938240075465 -0.01970323727984 -0.001967499407557 -0.001940005051104 
25.55025232105 -0.0007509687912893 -0.0006601778457192 -0.01908853923289 -0.01942756526228 -0.001944204503099 -0.001918142716492 
25.99638948786 -0.0007468465986095 -0.0006546903719054 -0.01880193131476 -0.01915798603703 -0.001921633949622 -0.001897085647311 
26.44654215819 -0.0007417056644011 -0.0006490303414463 -0.0185224342567 -0.01889424684455 -0.001899754824343 -0.001876782147527 
26.90066055112 -0.0007354858469279 -0.0006431694110371 -0.01824990940659 -0.01863611202118 -0.001878534364577 -0.001857180938896 
27.35869285261 -0.0007281437725546 -0.0006370838249833 -0.01798422187749 -0.01838336310513 -0.001857940171012 -0.001838231549804 
27.8205852252 -0.0007196528726912 -0.0006307544148941 -0.01772524025736 -0.01813579882418 -0.001837940405327 -0.001819884680727 
28.28628181952 -0.0007100032253262 -0.0006241665654519 -0.0174728363529 -0.01789323497144 -0.001818503979608 -0.001802092543171 
28.75572478753 -0.0006992012151257 -0.000617310148604 -0.01722688496521 -0.01765550417634 -0.001799600735338 -0.001784809169588 
29.2288542977 -0.0006872690270466 -0.0006101794286124 -0.01698726369513 -0.01742245557817 -0.001781201610127 -0.001767990692361 
29.70560855192 -0.000674243989094 -0.0006027729404439 -0.01675385277588 -0.01719395441054 -0.001763278790649 -0.001751595590544 
30.18592380432 -0.0006601777802793 -0.0005950933440129 -0.01652653493086 -0.01696988150477 -0.001745805850587 -0.001735584903531 
30.66973438181 -0.000645135520024 -0.000587147256777 -0.01630519525435 -0.01675013272076 -0.001728757872692 -0.001719922411328 
31.15697270658 -0.0006291947552369 -0.0005789450671658 -0.0160897211128 -0.01653461831389 -0.001712111554313 -0.001704574781523 
31.64756932036 -0.0006124443610817 -0.0005705007312695 -0.01588000206487 -0.0163232622461 -0.001695845296058 -0.001689511683437 
32.14145291048 -0.0005949833710843 -0.0005618315551489 -0.01567592979791 -0.01611600144984 -0.001679939273423 -0.001674705870259 
32.6385503378 -0.0005769197517237 -0.0005529579650463 -0.0154773980792 -0.01591278505252 -0.001664375491487 -0.00166013323029 
33.13878666642 -0.0005583691360229 -0.0005439032676803 -0.01528430271995 -0.01571357356957 -0.001649137822918 -0.00164577280862 
33.64208519514 -0.0005394535299451 -0.0005346934027007 -0.01509654155049 -0.01551833807337 -0.001634212029725 -0.001631606800821 
34.14836749075 -0.0005203000046044 -0.0005253566892686 -0.01491401440507 -0.01532705934519 -0.001619585769318 -0.001617620520347 
34.65755342302 -0.0005010393864595 -0.0005159235686004 -0.01473662311467 -0.01513972701683 -0.00160524858555 -0.001603802341516 
35.16956120145 -0.0004818049567698 -0.0005064263441962 -0.0145642715067 -0.01495633870812 -0.00159119188554 -0.001590143619985 
35.68430741373 -0.0004627311706964 -0.0004968989213419 -0.01439686541019 -0.01477689916614 -0.001577408903127 -0.001576638592743 
36.20170706581 -0.0004439524055081 -0.0004873765473475 -0.01423431266547 -0.01460141941145 -0.001563894649875 -0.001563284259655 
36.72167362369 -0.0004256017464475 -0.0004778955538596 -0.01407652313733 -0.01442991589615 -0.00155064585461 -0.001550080248593 
37.24411905679 -0.0004078098179208 -0.00046849310246 -0.01392340873079 -0.0142624096784 -0.001537660892478 -0.001537028666202 
37.7689538829 -0.0003907036667955 -0.0004592069346413 -0.01377488340866 -0.014098925617 -0.00152493970454 -0.001524133936308 
38.29608721466 -0.0003744057037609 -0.0004500751271365 -0.01363086321034 -0.01393949158999 -0.001512483708936 -0.001511402627906 
38.82542680753 -0.000359032707899 -0.0004411358534663 -0.01349126627113 -0.01378413774001 -0.001500295704623 -0.001498843274656 
39.35687910925 -0.0003446948988555 -0.0004324271524634 -0.01335601284162 -0.01363289574943 -0.0014883797687 -0.001486466187683 
39.89034931066 -0.0003314950802922 -0.0004239867044363 -0.01322502530684 -0.01348579814741 -0.0014767411483 -0.001474283263447 
40.4257413979 -0.0003195278576321 -0.0004158516155421 -0.01309822820465 -0.01334287765096 -0.001465386148002 -0.001462307788336 
40.96295820594 -0.0003088789325009 -0.0004080582108563 -0.01297554824321 -0.0132041665417 -0.0014543220137 -0.001450554241549 
41.50190147334 -0.0002996244757027 -0.0004006418365481 -0.01285691431735 -0.01306969607958 -0.001443556813801 -0.001439038097746 
42.04247189819 -0.0002918305800581 -0.0003936366715064 -0.01274225752358 -0.01293949595481 -0.001433099318616 -0.001427775630839 
42.58456919526 -0.0002855527939618 -0.0003870755486956 -0.01263151117373 -0.01281359377864 -0.00142295887875 -0.001416783720216 
43.12809215418 -0.0002808357361154 -0.0003809897864729 -0.01252461080708 -0.01269201461386 -0.001413145303265 -0.001406079660576 
43.67293869866 -0.0002777127915032 -0.0003754090300494 -0.0124214942011 -0.01257478054519 -0.001403668738333 -0.001395680976483 
44.21900594667 -0.0002762058883631 -0.0003703611032421 -0.01232210138061 -0.01246191029008 -0.001394539547082 -0.001385605242642 
44.76619027156 -0.0002763253556091 -0.0003658718706321 -0.01222637462558 -0.01235341884973 -0.001385768191277 -0.001375869910812 
45.31438736392 -0.0002780698599085 -0.0003619651102219 -0.01213425847757 -0.01224931720066 -0.001377365115439 -0.001366492144211 
45.86349229429 -0.0002814264213937 -0.0003586623966651 -0.01204569974497 -0.01214961202633 -0.001369340633986 -0.001357488660169 
46.41339957653 -0.0002863705067954 -0.0003559829951331 -0.01196064750698 -0.01205430548892 -0.001361704821929 -0.001348875581715 
46.96400323184 -0.0002928661986079 -0.0003539437658757 -0.01187905311677 -0.01196339504082 -0.001354467409632 -0.001340668298729 
47.51519685329 -0.000300866438749 -0.0003525590795339 -0.0118008702036 -0.01187687327547 -0.001347637682106 -0.001332881339218 
48.06687367088 -0.0003103133450329 -0.0003518407432655 -0.0117260546744 -0.01179472781731 -0.001341224383301 -0.001325528251209 
48.61892661697 -0.0003211385986519 -0.0003517979377536 -0.01165456471473 -0.0117169412503 -0.001335235625803 -0.001318621495717 
49.17124839211 -0.0003332639007373 -0.0003524371651793 -0.0115863607894 -0.01164349108461 -0.001329678806358 -0.001312172351167 
49.72373153104 -0.0003466014959481 -0.0003537622082553 -0.01152140564295 -0.01157434976112 -0.001324560527589 -0.001306190829644 
50.27626846896 -0.0003610547609186 -0.0003557741004326 -0.01145966430007 -0.01150948469315 -0.00131988652628 -0.00130068560524 
50.82875160789 -0.0003765188552621 -0.0003584711074136 -0.01140110406629 -0.01144885834503 -0.001315661608577 -0.001295663954798 
51.38107338303 -0.0003928814326893 -0.0003618487201222 -0.01134569452896 -0.01139242834707 -0.001311889592438 -0.001291131711246 
51.93312632912 -0.0004100234096524 -0.0003658996593044 -0.01129340755883 -0.01134014764637 -0.00130857325765 -0.001287093229725 
52.48480314671 -0.000427819788749 -0.0003706138919501 -0.01124421731238 -0.01129196469305 -0.001305714303736 -0.001283551366653 
53.03599676816 -0.0004461405339391 -0.0003759786597494 -0.01119810023507 -0.01124782366146 -0.001303313316033 -0.001280507471829 
53.58660042347 -0.0004648514944089 -0.0003819785198092 -0.01115503506562 -0.01120766470568 -0.001301369740245 -0.001277961393662 
54.13650770571 -0.0004838153736864 -0.0003885953978774 -0.01111500284171 -0.01117142424894 -0.001299881865732 -0.001275911497553 
54.68561263608 -0.0005028927403464 -0.0003958086543276 -0.01107798690697 -0.01113903530628 -0.001298846817814 -0.001274354697423 
55.23380972844 -0.0005219430763529 -0.0004035951631699 -0.0110439729197 -0.01111042783982 -0.001298260559324 -0.00127328650033 
55.78099405333 -0.0005408258587712 -0.0004119294043541 -0.01101294886334 -0.01108552914592 -0.001298117901655 -0.0012727010641 
56.32706130134 -0.0005594016702262 -0.0004207835696326 -0.01098490505883 -0.01106426427348 -0.001298412525512 -0.001272591267801 
56.87190784582 -0.0005775333331154 -0.0004301276822394 -0.01095983417916 -0.01104655647242 -0.001299137011572 -0.001272948794867 
57.41543080474 -0.0005950870621693 -0.0004399297306288 -0.01093773126604 -0.01103232767141 -0.001300282881214 -0.001273764228619 
57.95752810181 -0.0006119336295292 -0.0004501558164961 -0.01091859374903 -0.01102149898364 -0.001301840647474 -0.001275027159848 
58.49809852666 -0.000627949536048 -0.0004607703172688 -0.01090242146713 -0.01101399123934 -0.001303799876332 -0.001276726306058 
59.03704179406 -0.000643018182047 -0.0004717360632211 -0.01088921669304 -0.01100972554367 -0.001306149258408 -0.001278849641916 
59.5742586021 -0.0006570310302639 -0.0004830145293126 -0.01087898416011 -0.01100862385813 -0.001308876691101 -0.001281384540326 
60.10965068934 -0.0006698887532189 -0.0004945660417942 -0.0108717310922 -0.0110106096038 -0.001311969371158 -0.001284317923505 
60.64312089075 -0.0006815023567135 -0.0005063499995536 -0.01086746723643 -0.01101560828421 -0.0013154138976 -0.001287636423306 
61.17457319247 -0.0006917942706574 -0.0005183251100909 -0.01086620489901 -0.01102354812543 -0.001319196384887 -0.001291326549946 
61.70391278534 -0.0007006993979159 -0.0005304496399216 -0.0108679589841 -0.01103436073082 -0.001323302586111 -0.001295374868202 
62.2310461171 -0.0007081661113747 -0.0005426816790991 -0.01087274703591 -0.01104798174748 -0.001327718025959 -0.001299768179989 
62.75588094321 -0.0007141571889567 -0.0005549794194308 -0.01088058928395 -0.01106435154114 -0.001332428143089 -0.001304493712163 
63.27832637631 -0.0007186506758935 -0.0005673014458315 -0.01089150869148 -0.01108341587602 -0.001337418441486 -0.00130953930823 
63.79829293419 -0.0007216406631792 -0.0005796070401152 -0.01090553100727 -0.01110512659573 -0.001342674650248 -0.001314893622547 
64.31569258627 -0.0007231379708107 -0.0005918564963715 -0.01092268482052 -0.01112944230097 -0.001348182891185 -0.001320546315457 
64.83043879855 -0.0007231707241817 -0.0006040114469074 -0.01094300161899 -0.01115632901964 -0.001353929853474 -0.001326488247687 
65.34244657698 -0.0007217848118427 -0.0006160351975546 -0.01096651585028 -0.01118576086436 -0.001359902974512 -0.001332711672205 
65.85163250925 -0.0007190442127957 -0.0006278930709589 -0.01099326498614 -0.0112177206722 -0.001366090625992 -0.001339210421624 
66.35791480486 -0.0007150311815706 -0.0006395527562668 -0.01102328958976 -0.01125220062128 -0.001372482304096 -0.001345980089122 
66.86121333358 -0.0007098462795474 -0.0006509846634218 -0.01105663338586 -0.0112892028182 -0.00137906882258 -0.001353018200734 
67.3614496622 -0.0007036082413634 -0.0006621622800722 -0.01109334333342 -0.01132873985046 -0.001385842507394 -0.001360324376802 
67.85854708952 -0.000696453665797 -0.0006730625288758 -0.01113346970089 -0.01137083529741 -0.001392797391335 -0.001367900480279 
68.35243067964 -0.0006885365212594 -0.0006836661227707 -0.01117706614356 -0.01141552419329 -0.001399929407147 -0.001375750749504 
68.84302729342 -0.0006800274569784 -0.0006939579155665 -0.01122418978295 -0.01146285343569 -0.00140723657729 -0.001383881913073 
69.33026561819 -0.0006711129121405 -0.0007039272449974 -0.01127490128775 -0.01151288213277 -0.001414719198543 -0.001392303284374 
69.81407619568 -0.0006619940166678 -0.000713568265176 -0.01132926495605 -0.01156568188228 -0.001422380019462 -0.001401026833385 
70.29439144808 -0.0006528852789913 -0.0007228802651931 -0.01138734879848 -0.01162133697595 -0.001430224408596 -0.001410067233403 
70.7711457023 -0.0006440130581076 -0.0007318679704337 -0.01144922462173 -0.01167994452236 -0.001438260511324 -0.00141944188041 
71.24427521247 -0.0006356138194325 -0.0007405418230223 -0.01151496811202 -0.01174161448223 -0.001446499393044 -0.001429170882965 
71.71371818048 -0.0006279321764507 -0.0007489182376797 -0.01158465891791 -0.01180646960989 -0.001454955166425 -0.001439277020622 
72.1794147748 -0.00062121872294 -0.0007570198291764 -0.01165838073197 -0.01187464529548 -0.001463645100403 -0.001449785669144 
72.64130714739 -0.0006157276636024 -0.0007648756075024 -0.01173622137047 -0.01194628930287 -0.00147258970855 -0.001460724691011 
73.09933944888 -0.0006117142542621 -0.0007725211368539 -0.01181827285056 -0.01202156139892 -0.001481812814538 -0.00147212429007 
73.55345784181 -0.0006094320663731 -0.0007799986545676 -0.01190463146408 -0.01210063287071 -0.00149134159239 -0.001484016829517 
74.00361051214 -0.0006091300944021 -0.0007873571462161 -0.01199539784722 -0.01218368592807 -0.001501206579368 -0.001496436612896 
74.44974767895 -0.000611049728683 -0.0007946523732245 -0.01209067704505 -0.01227091299019 -0.001511441659443 -0.001509419628216 
74.89182160233 -0.0006154216205469 -0.0008019468495853 -0.01219057857019 -0.01236251585599 -0.001522084015447 -0.001523003255911 
75.3297865895 -0.0006224624708684 -0.0008093097645329 -0.01229521645437 -0.01245870475972 -0.001533174048264 -0.001537225941932 
75.76359899921 -0.0006323717775879 -0.0008168168484161 -0.0124047092921 -0.0125596973143 -0.001544755261638 -0.001552126837933 
76.19321724439 -0.0006453285821985 -0.0008245501794584 -0.01251918027509 -0.01266571734719 -0.001556874111499 -0.00156774541125 
76.61860179305 -0.0006614882595716 -0.0008325979296471 -0.01263875721651 -0.01277699363483 -0.001569579819079 -0.00158412102809 
77.03971516759 -0.00068097939973 -0.0008410540486382 -0.01276357256375 -0.01289375854406 -0.001582924147479 -0.001601292514191 
77.45652194232 -0.0007039008341979 -0.0008500178853063 -0.01289376339845 -0.01301624659055 -0.001596961141828 -0.001619297697999 
77.86898873949 -0.0007303188632398 -0.0008595937474174 -0.0130294714227 -0.01314469292676 -0.00161174683367 -0.001638172942287 
78.2770842236 -0.0007602647435486 -0.0008698904008536 -0.01317084292986 -0.01327933177377 -0.001627338910786 -0.001657952670974 
78.68077909418 -0.0007937324986334 -0.0008810205108694 -0.01331802875889 -0.01342039481368 -0.00164379635424 -0.001678668898739 
79.08004607708 -0.0008306771161662 -0.0008931000290169 -0.01347118423083 -0.0135681095614 -0.001661179045106 -0.001700350771853 
79.47485991419 -0.0008710131977391 -0.0009062475306229 -0.01363046906606 -0.01372269773678 -0.00167954734396 -0.00172302412941 
79.86519735168 -0.0009146141267294 -0.0009205835090464 -0.01379604728103 -0.01388437366003 -0.001698961646981 -0.001746711094843 
80.2510371269 -0.0009613118191287 -0.0009362296343615 -0.01396808706334 -0.01405334269519 -0.001719481923142 -0.001771429708206 
80.6323599538 -0.001010897120125 -0.0009533079856036 -0.01414676062375 -0.01422979976845 -0.001741167237765 -0.001797193610223 
81.009148507 -0.001063120905814 -0.0009719402672616 -0.01433224402411 -0.01441392798903 -0.001764075268369 -0.001824011789431 
81.38138740461 -0.00111769594451 -0.0009922470222814 -0.01452471698012 -0.01460589740197 -0.001788261819457 -0.001851888403935 
81.74906318971 -0.001174299565647 -0.001014346855444 -0.01472436263796 -0.01480586390284 -0.001813780343543 -0.001880822689283 
82.11216431062 -0.001232577176071 -0.001038355682574 -0.01493136732404 -0.0150139683445 -0.001840681476307 -0.001910808963728 
82.47068110002 -0.001292146653594 -0.001064386022589 -0.0151459202672 -0.01523033586637 -0.001869012594302 -0.001941836741632 
82.82460575283 -0.001352603635919 -0.001092546350902 -0.01536821329298 -0.01545507547562 -0.00189881740409 -0.001973890965038 
83.1739323031 -0.001413527709446 -0.001122940534057 -0.0155984404899 -0.01568827990868 -0.001930135571995 -0.002006952362305 
83.51865659977 -0.001474489487107 -0.001155667366773 -0.01583679784774 -0.01593002579948 -0.001963002403865 -0.002040997941353 
83.85877628144 -0.001535058547168 -0.001190820233625 -0.01608348286836 -0.01618037417815 -0.001997448584302 -0.002076001623311 
84.19429075017 -0.00159481218621 -0.001228486918466 -0.01633869415008 -0.01643937132069 -0.002033499984669 -0.002111935020253 
84.52520114437 -0.001653344919211 -0.00126874958532 -0.01660263094671 -0.01670704996589 -0.002071177548907 -0.002148768358294 
84.85151031079 -0.001710278638147 -0.001311684954765 -0.01687549270319 -0.01698343091086 -0.002110497265644 -0.002186471544497 
85.17322277571 -0.001765273318083 -0.001357364699791 -0.01715747857032 -0.01726852499087 -0.002151470234377 -0.002225015372909 
85.49034471532 -0.001818038136666 -0.001405856084701 -0.01744878690137 -0.01756233544277 -0.002194102832495 -0.002264372861573 
85.80288392537 -0.001868342849698 -0.001457222869749 -0.01774961473453 -0.01786486064386 -0.00223839698874 -0.002304520708618 
86.11084979013 -0.001916029242593 -0.00151152650288 -0.01806015726559 -0.01817609721037 -0.002284350567208 -0.002345440851526 
86.41425325071 -0.001961022455526 -0.001568827618114 -0.01838060731623 -0.01849604343106 -0.002331957864297 -0.002387122109498 
86.71310677275 -0.002003341959633 -0.001629187857718 -0.01871115480411 -0.01882470300252 -0.002381210219066 -0.002429561884522 
87.0074243136 -0.002043111943471 -0.001692672032415 -0.01905198622212 -0.01916208902346 -0.002432096735292 -0.002472767892444 
87.2972212889 -0.002080570853719 -0.001759350630346 -0.01940328413497 -0.01950822819538 -0.002484605111127 -0.002516759891054 
87.58251453879 -0.002116079822823 -0.001829302681459 -0.01976522670252 -0.01986316516789 -0.002538722569723 -0.002561571368151 
87.86332229364 -0.002150129709563 -0.001902618979345 -0.02013798724049 -0.0202269669571 -0.002594436881469 -0.002607251148773 
88.13966413941 -0.00218334647741 -0.001979405657379 -0.02052173383012 -0.02059972735685 -0.002651737465732 -0.002653864877476 
88.41156098264 -0.002216494640782 -0.002059788110335 -0.02091662898989 -0.02098157125416 -0.002710616557141 -0.002701496328854 
88.67903501517 -0.002250478521766 -0.002143915246532 -0.02132282942332 -0.0213726587531 -0.002771070418673 -0.002750248497537 
88.94210967862 -0.002286341080364 -0.002231964049069 -0.0217404858582 -0.02177318900508 -0.002833100581087 -0.002800244417943 
89.2008096286 -0.002325260110438 -0.002324144417932 -0.02216974299382 -0.0221834036397 -0.002896715085728 -0.002851627664099 
89.45516069878 -0.002368541631949 -0.002420704257811 -0.02261073957344 -0.02260358968736 -0.002961929705483 -0.002904562481274 
89.70518986478 -0.002417610358145 -0.002521934769502 -0.02306360860058 -0.02303408188498 -0.00302876911674 -0.002959233503895 
89.95092520801 -0.002473997174285 -0.002628175895905 -0.02352847771803 -0.02347526425854 -0.003097267993775 -0.003015845018614 
90.1923958794 -0.002539323632245 -0.002739821867065 -0.02400546976922 -0.02392757088143 -0.003167471996094 -0.003074619737389 
90.42963206313 -0.002615283542692 -0.002857326782643 -0.02449470356141 -0.02439148571576 -0.003239438618982 -0.003135797053313 
90.66266494032 -0.002703621832675 -0.002981210164789 -0.02499629485033 -0.0248675414558 -0.003313237878053 -0.003199630761548 
90.89152665281 -0.002806110930592 -0.003112062409924 -0.02551035756481 -0.02535631730746 -0.003388952799856 -0.003266386239276 
91.11625026698 -0.002924525041067 -0.003250550064594 -0.02603700528909 -0.02585843565651 -0.003466679692861 -0.003336337091935 
91.33686973768 -0.003060612777514 -0.003397420848554 -0.02657635301829 -0.02637455760052 -0.003546528176296 -0.003409761288088 
91.55341987231 -0.003216068727751 -0.003553508347859 -0.02712851920031 -0.02690537734458 -0.003628620948516 -0.003486936821923 
91.76593629502 -0.003392504635289 -0.003719736302155 -0.02769362807402 -0.02745161548997 -0.003713093281762 -0.003568136960414 
91.97445541117 -0.003591420982493 -0.003897122413772 -0.02827181230922 -0.02801401127613 -0.003800092236402 -0.003653625151125 
92.17901437193 -0.003814179858203 -0.004086781611814 -0.02886321594903 -0.02859331386999 -0.003889775594886 -0.003743649686318 
92.37965103922 -0.004061980077328 -0.004289928712347 -0.02946799764896 -0.0291902728323 -0.003982310523735 -0.003838438238736 
92.57640395085 -0.004335835589118 -0.00450788042607 -0.03008633419998 -0.02980562792658 -0.004077871980671 -0.00393819240375 
92.76931228599 -0.004636558259365 -0.004742056677576 -0.03071842431429 -0.03044009847265 -0.004176640893455 -0.004043082400709 
92.95841583095 -0.0049647461349 -0.004993981215351 -0.03136449264357 -0.03109437248155 -0.004278802146763 -0.004153242102692 
93.14375494532 -0.00532077829137 -0.005265281508982 -0.03202479398866 -0.03176909584148 -0.004384542423456 -0.004268764577468 
93.32537052847 -0.00570481732255 -0.005557687949308 -0.03269961764845 -0.03246486185296 -0.004494047956368 -0.004389698332641 
93.50330398642 -0.006116820446832 -0.005873032388215 -0.03338929184356 -0.03318220143564 -0.004607502256098 -0.004516044463627 
93.67759719916 -0.006556560079939 -0.006213246076895 -0.03409418813729 -0.03392157434604 -0.004725083888779 -0.004647754903532 
93.84829248835 -0.00702365454904 -0.00658035708416 -0.03481472576313 -0.03468336175483 -0.004846964385016 -0.004784731968171 
94.01543258547 -0.007517609400114 -0.00697648729904 -0.03555137575454 -0.03546786053196 -0.004973306366789 -0.004926829376658 
94.17906060044 -0.008037869476535 -0.007403849143656 -0.03630466475964 -0.03627527957644 -0.005104261982551 -0.005073854907454 
94.33921999073 -0.008583881623309 -0.007864742142142 -0.03707517841086 -0.03710573850458 -0.005239971741775 -0.00522557482094 
94.49595453094 -0.009155167500635 -0.008361549508274 -0.03786356410862 -0.03795926897382 -0.005380563838221 -0.005381720142085 
94.64930828285 -0.009751405577438 -0.008896734927153 -0.03867053306888 -0.03883581886953 -0.005526154046053 -0.005541994850543 
94.79932556604 -0.0103725209275 -0.009472839713577 -0.03949686147794 -0.03973525951785 -0.005676846264169 -0.005706085970667 
94.94605092904 -0.01101878097793 -0.01009248053035 -0.04034339059485 -0.04065739601003 -0.005832733771687 -0.005873675491124 
95.08952912094 -0.01169089487484 -0.0107583478424 -0.04121102564337 -0.0416019806331 -0.00599390124124 -0.006044453973843 
95.22980506362 -0.01239011365021 -0.01147320526601 -0.04210073334179 -0.04256872929882 -0.006160427536677 -0.006218135636536 
95.36692382451 -0.01311832791596 -0.01223988994548 -0.04301353793216 -0.04355734075167 -0.006332389298193 -0.006394474613727 
95.50093058994 -0.01387815939763 -0.01306131405158 -0.04395051559012 -0.04456751821728 -0.006509865291121 -0.006573282020654 
95.631870639 -0.01467304227537 -0.01394046744592 -0.04491278712463 -0.04559899303149 -0.006692941465286 -0.006754443365381 
95.75978931803 -0.01550729004979 -0.01488042149357 -0.0459015089135 -0.04665154966893 -0.006881716640683 -0.006937935780498 
95.88473201568 -0.01638614352196 -0.01588433393182 -0.04691786206633 -0.04772505147582 -0.007076308703297 -0.007123844480576 
96.00674413854 -0.01731579549844 -0.0169554546183 -0.04796303986184 -0.04881946630846 -0.007276861163379 -0.007312377799449 
96.12587108739 -0.0183033880295 -0.01809713188686 -0.04903823357136 -0.04993489119363 -0.007483549898803 -0.007503880126665 
96.24215823405 -0.01935697838645 -0.01931281913737 -0.05014461685397 -0.05107157506589 -0.007696589879732 -0.00769884204969 
96.35565089875 -0.02048547060165 -0.02060608118002 -0.05128332899056 -0.05222993860591 -0.007916241649491 -0.007897907021977 
96.46639432821 -0.02169851024659 -0.02198059974822 -0.05245545731237 -0.05341059020942 -0.008142817321901 -0.008101873920781 
96.57443367425 -0.02300634121499 -0.02344017749343 -0.05366201927192 -0.05461433716363 -0.008376685849 -0.008311694935998 
96.67981397302 -0.02441962460462 -0.02498873968564 -0.0549039446979 -0.05584219120157 -0.008618277316792 -0.008528468344651 
96.78258012482 -0.02594922133659 -0.02663033277186 -0.05618205886633 -0.05709536774693 -0.008868086041452 -0.008753425875948 
96.88277687458 -0.02760594188256 -0.02836911889948 -0.05749706710425 -0.05837527835443 -0.009126672265556 -0.008987914558606 
96.9804487928 -0.02940026834153 -0.03020936550109 -0.05884954171282 -0.05968351609087 -0.009394662293634 -0.009233373162614 
97.07564025729 -0.03134205605376 -0.03215542906933 -0.06023991204902 -0.06102183388612 -0.009672746958683 -0.009491303597109 
97.16839543531 -0.033440223878 -0.03421173233493 -0.06166845863164 -0.06239211620376 -0.009961678375442 -0.009763237896969 
97.25875826643 -0.03570244409055 -0.03638273420432 -0.06313531213162 -0.06379634472606 -0.01026226501047 -0.01005070171331 
97.34677244592 -0.038134844478 -0.0386728920229 -0.06464045806115 -0.06523655910411 -0.01057536518109 -0.01035517550441 
97.43248140878 -0.04074173646444 -0.04108661600917 -0.06618374788564 -0.06671481417276 -0.01090187918151 -0.01067805488898 
97.51592831428 -0.04352538390847 -0.04362821605586 -0.06776491713967 -0.06823313535109 -0.01124274032104 -0.0110206118556 
97.59715603112 -0.04648582739659 -0.0463018415125 -0.06938361093149 -0.06979347422066 -0.01159890524088 -0.0113839587027 
97.67620712319 -0.04962077832779 -0.04911141504368 -0.07103941696657 -0.07139766647107 -0.01197134394761 -0.0117690166936 
97.75312383584 -0.05292559573128 -0.05206056218316 -0.07273190591242 -0.07304739450407 -0.01236103005744 -0.01217649143256 
97.82794808275 -0.05639335651834 -0.05515253875737 -0.07446067856935 -0.07474415697169 -0.01276893177926 -0.01260685688511 
97.90072143334 -0.06001502671787 -0.05839015890559 -0.0762254189142 -0.07648924737502 -0.01319600417285 -0.01306034976666 
97.97148510074 -0.06377973721529 -0.0617757269441 -0.07802595166227 -0.07828374355801 -0.01364318319607 -0.01353697570076 
98.04027993031 -0.06767516270425 -0.06531097677021 -0.07986230256516 -0.08012850949322 -0.01411138199928 -0.01403652810301 
98.10714638869 -0.07168799713799 -0.06899702283324 -0.08173475925395 -0.082024210182 -0.01460148983666 -0.01455862018628 
98.17212455336 -0.07580451317518 -0.0728343268687 -0.08364393007623 -0.08397133979955 -0.01511437384321 -0.01510272982705 
98.23525410273 -0.0800111872639 -0.07682268455267 -0.0855907980933 -0.08597026243664 -0.01565088377828 -0.01566825630706 
98.29657430682 -0.08429536646658 -0.08096123594422 -0.08757676723227 -0.08802126396692 -0.01621185966771 -0.01625458718808 
98.35612401832 -0.08864594830636 -0.08524850301357 -0.08960369755691 -0.09012461275344 -0.016798142097 -0.01686117283391 
98.41394166423 -0.09305404123163 -0.08968245668231 -0.09167392675836 -0.0922806261582 -0.01741058472816 -0.01748760541479 
98.470065238 -0.09751357115215 -0.09426061463085 -0.09379027528996 -0.09448973919716 -0.01805006844576 -0.0181336986676 
98.52453229211 -0.1020217992397 -0.09898016967799 -0.09595603308813 -0.09675257124676 -0.01871751639651 -0.01879956429313 
98.57737993115 -0.1065797180582 -0.1038381468565 -0.09817492652999 -0.09906998651131 -0.01941390908266 -0.01948568069477 
98.62864480537 -0.1111922972074 -0.1088315854698 -0.1004510651559 -0.1014431440386 -0.02014029861405 -0.02019294983627 
98.67836310468 -0.1158685559901 -0.1139577405181 -0.1027888686985 -0.103873533447 -0.02089782122271 -0.02092273834007 
98.72657055308 -0.1206214489228 -0.1192142960458 -0.1051929760546 -0.1063629931954 -0.02168770720109 -0.02167689956267 
98.7733024036 -0.1254675597972 -0.1245995813236 -0.1076681389481 -0.1089137091646 -0.02251128753924 -0.02245777425089 
98.81859343356 -0.1304266109062 -0.1301127794747 -0.1102191040903 -0.1115281924683 -0.02336999669996 -0.02326816846055 
98.86247794041 -0.1355208052563 -0.1357541173211 -0.1128504885557 -0.1142092367053 -0.02426537117399 -0.02411130864721 
98.90498973778 -0.1407740303186 -0.1415250249801 -0.1155666538016 -0.116959856208 -0.02519904368467 -0.02499077513894 
98.94616215215 -0.1462109613071 -0.1474282541654 -0.1183715841693 -0.1197832081309 -0.02617273314515 -0.02591041648615 
98.98602801975 -0.1518561093479 -0.1534679452857 -0.1212687757906 -0.1226825023618 -0.0271882306932 -0.02687424836081 
99.02461968396 -0.157732864574 -0.1596496352834 -0.1242611415309 -0.1256609041225 -0.02824738232109 -0.02788634165853 
99.06196899298 -0.1638625856779 -0.1659802006472 -0.1273509369332 -0.1287214346835 -0.02935206876495 -0.02895070516555 
99.098107298 -0.170263785555 -0.1724677330604 -0.1305397111168 -0.1318668757932 -0.03050418340962 -0.03007116853063 
99.13306545161 -0.176951457399 -0.1791213485377 -0.1338282852662 -0.1350996831925 -0.0317056089935 -0.03125127129534 
99.16687380664 -0.1839365772901 -0.1859509344562 -0.1372167598167 -0.1384219139617 -0.03295819386512 -0.03249416338035 
99.19956221528 -0.1912258084845 -0.1929668423759 -0.1407045497917 -0.1418351714781 -0.03426372845327 -0.03380252172258 
99.23116002861 -0.1988214200578 -0.2001795377366 -0.1442904460871 -0.1453405705143 -0.03562392247842 -0.03517848675946 
99.26169609638 -0.2067214191731 -0.2075992201798 -0.147972698953 -0.1489387235906 -0.03704038326817 -0.03662362123445 
99.29119876714 -0.2149198830164 -0.2152354302073 -0.1517491185905 -0.152629748205 -0.03851459536355 -0.03813889244258 
99.31969588867 -0.2234074643336 -0.2230966589792 -0.1556171867723 -0.1564132931391 -0.04004790143269 -0.03972467764399 
99.34721480873 -0.2321720343579 -0.231189978215 -0.1595741727661 -0.1602885807629 -0.04164148436254 -0.0413807910452 
99.37378237604 -0.2411994194405 -0.2395207063591 -0.1636172466448 -0.1642544612577 -0.04329635029112 -0.04310652957347 
99.3994249416 -0.2504741833349 -0.248092125459 -0.1677435833093 -0.168309473988 -0.04501331228299 -0.04490073372336 
99.42416836025 -0.2599804060576 -0.2569052606988 -0.1719504512137 -0.1724519109452 -0.04679297434376 -0.04676185909203 
99.4480379925 -0.269702412493 -0.2659587313925 -0.1762352808061 -0.1766798772511 -0.04863571551518 -0.04868805387093 
99.47105870662 -0.2796254091305 -0.2752486786842 -0.1805957090158 -0.1809913441382 -0.05054167388433 -0.05067723753274 
99.49325488093 -0.2897359950052 -0.2847687714476 -0.1850295976237 -0.1853841905635 -0.05251073046963 -0.05272717622485 
99.51465040642 -0.3000225224046 -0.294510288165 -0.1895350249487 -0.1898562305943 -0.05454249309778 -0.05483555091636 
99.5352686895 -0.310475293437 -0.3044622691145 -0.1941102518565 -0.1944052248431 -0.05663628054555 -0.05700001508859 
99.555132655 -0.3210865893629 -0.3146117301936 -0.1987536645552 -0.1990288754387 -0.05879110737224 -0.05921823964481 
99.57426474945 -0.3318505399186 -0.3249439273128 -0.2034636978913 -0.2037248052012 -0.06100566999803 -0.0614879436734 
99.59268694443 -0.3427628490632 -0.3354426586097 -0.2082387438386 -0.2084905227702 -0.06327833467924 -0.06380691066081 
99.61042074025 -0.3538204011404 -0.3460905908039 -0.2130770505343 -0.2133233763435 -0.06560712808365 -0.06617299065407 
99.62748716973 -0.3650207769983 -0.356869595847 -0.2179766175445 -0.2182204993675 -0.06798973117376 -0.06858408966609 
99.64390680218 -0.3763617129784 -0.3677610845621 -0.2229350930312 -0.2231787519569 -0.07042347706166 -0.07103814825984 
99.65969974758 -0.387840536837 -0.3787463251313 -0.2279496781811 -0.228194661992 -0.07290535340868 -0.07353311171545 
99.67488566087 -0.3994536137354 -0.3898067359564 -0.2330170436714 -0.233264369766 -0.07543200981366 -0.07606689446747 
99.68948374647 -0.4111958326823 -0.4009241444532 -0.2381332621562 -0.2383835797484 -0.07799977047246 -0.0786373415994 
99.70351276286 -0.4230601595738 -0.412081005595 -0.2432937598097 -0.2435475225394 -0.08060465221061 -0.08124219011446 
99.71699102738 -0.4350372776653 -0.4232605763554 -0.2484932889378 -0.2487509294546 -0.08324238780044 -0.08387903248816 
99.72993642113 -0.4471153303394 -0.434447044483 -0.2537259226139 -0.2539880214565 -0.08590845428627 -0.08654528467914 
99.74236639397 -0.4592797748282 -0.4456256121558 -0.2589850712862 -0.259252513382 -0.08859810586534 -0.08923816036247 
99.7542979697 -0.4715133494773 -0.4567825369198 -0.2642635203703 -0.2645376336576 -0.09130641071788 -0.09195465268768 
99.76574775128 -0.4837961515356 -0.4679051338538 -0.2695534870397 -0.2698361589837 -0.09402829105341 -0.09469152438398 
99.77673192626 -0.4961058175591 -0.4789817440761 -0.2748466937727 -0.2751404628413 -0.0967585655471 -0.09744530656584 
99.78726627218 -0.5084177945226 -0.4900016755076 -0.2801344557282 -0.2804425761525 -0.09949199328178 -0.1002123061572 
99.79736616216 -0.5207056867256 -0.5009551222383 -0.2854077787085 -0.2857342580259 -0.1022233182892 -0.1029886214695 
99.80704657053 -0.5329416616056 -0.5118330689384 -0.2906574643191 -0.2910070742482 -0.1049473137951 -0.1057701651535 
99.81632207857 -0.5450968965892 -0.522627186543 -0.2958742189438 -0.2962524810351 -0.1076588253169 -0.1085526934961 
99.82520688028 -0.5571420490523 -0.5333297249883 -0.3010487632897 -0.3014619115333 -0.1103528118294 -0.111331840869 
99.83371478826 -0.5690477321932 -0.543933408125 -0.306171939515 -0.3066268626406 -0.1130243843066 -0.1141031580319 
99.84185923963 -0.5807849810148 -0.5544313351521 -0.3112348132862 -0.3117389798849 -0.1156688410529 -0.1168621529665 
99.84965330198 -0.5923256945056 -0.564816892051 -0.316228768513 -0.3167901383369 -0.1182816993526 -0.1196043329426 
99.85710967944 -0.6036430423427 -0.5750836756068 -0.3211455929473 -0.3217725178255 -0.1208587230875 -0.122325246594 
99.86424071872 -0.6147118268707 -0.5852254317296 -0.325977553275 -0.3266786710425 -0.123395946093 -0.1250205248969 
99.87105841522 -0.6255087935972 -0.5952360089617 -0.3307174587777 -0.3315015834605 -0.1258896911375 -0.1276859200857 
99.87757441915 -0.6360128858753 -0.6051093273178 -0.3353587130559 -0.3362347243177 -0.128336584518 -0.1303173416988 
99.88380004174 -0.6462054417192 -0.6148393619575 -0.339895353689 -0.3408720882474 -0.1307335663591 -0.1329108891161 
99.88974626137 -0.6560703327484 -0.6244201406647 -0.3443220800452 -0.3454082274155 -0.1330778967899 -0.1354628801172 
99.89542372981 -0.6655940470325 -0.633845753691 -0.3486342697389 -0.3498382742966 -0.1353671582361 -0.1379698751488 
99.9008427784 -0.6747657190775 -0.6431103742257 -0.3528279844688 -0.3541579554397 -0.1375992541277 -0.1404286971414 
99.90601342428 -0.6835771113522 -0.6522082875683 -0.3568999661438 -0.3583635967552 -0.139772404355 -0.1428364468471 
99.91094537663 -0.6920225525971 -0.6611339269898 -0.3608476243352 -0.3624521210028 -0.1418851378405 -0.1451905137873 
99.91564804284 -0.7000988387129 -0.6698819142739 -0.3646690161682 -0.3664210382584 -0.1439362826042 -0.1474885829956 
99.92013053475 -0.7078051023127 -0.6784471029982 -0.3683628198052 -0.3702684302072 -0.1459249537052 -0.1497286378192 
99.92440167481 -0.7151426570739 -0.6868246227538 -0.3719283026693 -0.3739929291446 -0.1478505394385 -0.1519089590989 
99.92847000229 -0.7221148228837 -0.6950099226739 -0.3753652855237 -0.37759369257 -0.1497126861494 -0.1540281210917 
99.93234377941 -0.728726737468 -0.7029988128545 -0.3786741034678 -0.3810703742401 -0.1515112820102 -0.1560849845215 
99.93603099748 -0.7349851597682 -0.7107875024736 -0.3818555648298 -0.3844230925101 -0.1532464400779 -0.1580786871584 
99.93953938299 -0.7408982698173 -0.7183726336498 -0.3849109088501 -0.3876523967369 -0.1549184809244 -0.1600086323217 
99.94287640369 -0.7464754692958 -0.725751310313 -0.3878417629469 -0.3907592324513 -0.1565279150994 -0.1618744756955 
99.94604927459 -0.7517271863548 -0.7329211215791 -0.3906501002564 -0.3937449059381 -0.1580754256555 -0.163676110823 
99.94906496398 -0.7566646876874 -0.7398801593312 -0.3933381980337 -0.3966110487826 -0.1595618509328 -0.1654136536244 
99.95193019937 -0.7612999002488 -0.746627029889 -0.395908597402 -0.3993595828669 -0.1609881677719 -0.1670874262521 
99.95465147335 -0.7656452444675 -0.7531608598193 -0.3983640648413 -0.4019926862239 -0.1623554752919 -0.168697940568 
99.95723504949 -0.7697134802777 -0.7594812960733 -0.4007075557186 -0.4045127600819 -0.1636649793452 -0.1702458814932 
99.9596869681 -0.77351756684 -0.7655885007552 -0.4029421800804 -0.4069223973668 -0.1649179777337 -0.1717320904482 
99.96201305197 -0.7770705364077 -0.7714831409162 -0.4050711708567 -0.4092243528646 -0.1661158462504 -0.1731575490719 
99.96421891206 -0.780385382443 -0.777166373836 -0.4070978545603 -0.4114215151892 -0.1672600255876 -0.174523363372 
99.9663099531 -0.7834749617918 -0.782639828301 -0.4090256245132 -0.4135168806533 -0.1683520091368 -0.1758307484371 
99.96829137914 -0.7863519104798 -0.7879055824172 -0.4108579165822 -0.415513529093 -0.1693933316894 -0.177081013809 
99.97016819905 -0.7890285725045 -0.7929661385051 -0.4125981873715 -0.4174146016609 -0.1703855590338 -0.1782755495922 
99.97194523191 -0.7915169408473 -0.7978243956246 -0.4142498947881 -0.4192232805712 -0.1713302784348 -0.1794158133561 
99.9736271124 -0.7938286098312 -0.8024836202582 -0.4158164808716 -0.4209427707532 -0.172229089971 -0.1805033178659 
99.975218296 -0.7959747378785 -0.8069474156609 -0.4173013567652 -0.4225762833518 -0.1730835986998 -0.1815396196616 
99.97672306423 -0.7979660196891 -0.811219690351 -0.4187078896902 -0.4241270209938 -0.1738954076143 -0.1825263084915 
99.97814552976 -0.7998126668538 -0.815304626178 -0.4200393917812 -0.4255981647309 -0.1746661113513 -0.183464997594 
99.97948964145 -0.8015243959252 -0.8192066463656 -0.4212991106339 -0.42699286256 -0.175397290609 -0.1843573148123 
99.98075918929 -0.8031104230068 -0.822930383881 -0.4224902214199 -0.4283142194171 -0.1760905072289 -0.1852048945183 
99.98195780928 -0.8045794639573 -0.8264806504404 -0.4236158204217 -0.4295652885385 -0.1767472998985 -0.1860093703165 
99.98308898823 -0.8059397393696 -0.8298624064172 -0.4246789198504 -0.4307490640834 -0.1773691804285 -0.1867723684938 
99.98415606848 -0.8071989835391 -0.8330807318735 -0.4256824438102 -0.4318684749122 -0.1779576305622 -0.1874955021773 
99.98516225248 -0.8083644567047 -0.8361407988993 -0.4266292252831 -0.4329263794193 -0.1785140992714 -0.1881803661605 
99.98611060737 -0.8094429599119 -0.8390478454033 -0.4275220040172 -0.4339255613222 -0.1790400005014 -0.188828532357 
99.98700406939 -0.8104408519158 -0.8418071504647 -0.4283634252054 -0.4348687263129 -0.1795367113206 -0.1894415458395 
99.98784544827 -0.8113640676067 -0.8444240113219 -0.4291560388558 -0.4357584994845 -0.1800055704418 -0.1900209214235 
99.98863743147 -0.8122181375061 -0.8469037220482 -0.4299022997592 -0.4365974234495 -0.1804478770759 -0.1905681407536 
99.9893825884 -0.8130082079392 -0.8492515539359 -0.4306045679696 -0.4373879570736 -0.1808648900873 -0.191084649853 
99.99008337447 -0.8137390615487 -0.8514727375885 -0.4312651097226 -0.4381324747542 -0.1812578274179 -0.1915718570981 
99.99074213512 -0.8144151378638 -0.8535724467032 -0.4318860987218 -0.4388332661773 -0.181627865753 -0.1920311315808 
99.99136110972 -0.815040553689 -0.8555557835062 -0.4324696177336 -0.4394925364932 -0.1819761403995 -0.1924638018231 
99.99194243541 -0.8156191231162 -0.8574277657943 -0.4330176604356 -0.440112406858 -0.1823037453547 -0.192871154811 
99.99248815077 -0.8161543770066 -0.8591933155184 -0.4335321334698 -0.440694915289 -0.1826117335409 -0.193254435317 
99.99300019955 -0.8166495818174 -0.8608572488449 -0.4340148586614 -0.4412420177912 -0.1829011171857 -0.1936148454798 
99.99348043414 -0.8171077576828 -0.8624242676154 -0.4344675753628 -0.4417555897134 -0.1831728683295 -0.1939535446167 
99.99393061909 -0.8175316956813 -0.8638989521258 -0.4348919428939 -0.4422374272988 -0.1834279194424 -0.19427164924 
99.99435243444 -0.8179239742449 -0.8652857551428 -0.4352895430496 -0.4426892493966 -0.1836671641343 -0.194570233257 
99.99474747901 -0.8182869746841 -0.8665889970701 -0.4356618826508 -0.4431126993072 -0.1838914579459 -0.1948503283282 
99.99511727363 -0.8186228958181 -0.8678128621816 -0.4360103961191 -0.4435093467337 -0.1841016192051 -0.1951129243678 
99.99546326418 -0.8189337677138 -0.8689613958345 -0.4363364480575 -0.4438806898184 -0.1842984299396 -0.195358970164 
99.99578682467 -0.8192214645443 -0.8700385025819 -0.4366413358222 -0.4442281572429 -0.1844826368335 -0.1955893741051 
99.99608926013 -0.8194877165913 -0.8710479451008 -0.4369262920744 -0.444553110376 -0.1846549522204 -0.1958050049949 
99.99637180949 -0.8197341214185 -0.8719933438602 -0.4371924873001 -0.4448568454513 -0.1848160551024 -0.1960066929433 
99.99663564831 -0.8199621542471 -0.8728781774529 -0.4374410322913 -0.4451405957629 -0.1849665921894 -0.1961952303201 
99.99688189147 -0.820173177574 -0.8737057835204 -0.4376729805801 -0.445405533867 -0.1851071789516 -0.1963713727595 
99.99711159578 -0.8203684500672 -0.8744793602037 -0.4378893308214 -0.4456527737777 -0.1852384006784 -0.1965358402061 
99.99732576249 -0.8205491347817 -0.8752019680559 -0.4380910291196 -0.4458833731501 -0.18536081354 -0.1966893179921 
99.99752533968 -0.8207163067369 -0.8758765323584 -0.4382789712948 -0.4460983354413 -0.1854749456458 -0.1968324579379 
99.99771122469 -0.8208709598938 -0.8765058457846 -0.4384540050873 -0.4462986120438 -0.1855812980961 -0.1969658794685 
99.99788426632 -0.8210140135751 -0.8770925713604 -0.4386169322983 -0.4464851043848 -0.1856803460239 -0.1970901707386 
99.99804526709 -0.8211463183659 -0.8776392456742 -0.4387685108647 -0.4466586659873 -0.1857725396234 -0.1972058897616 
99.99819498531 -0.8212686615327 -0.8781482822932 -0.4389094568683 -0.4468201044891 -0.1858583051619 -0.1973135655358 
99.99833413718 -0.8213817719983 -0.8786219753467 -0.4390404464788 -0.4469701836156 -0.1859380459749 -0.1974136991642 
99.99846339874 -0.8214863249052 -0.879062503239 -0.43916211783 -0.4471096251046 -0.1860121434394 -0.1975067649639 
99.99858340775 -0.821582945801 -0.8794719324616 -0.4392750728308 -0.4472391105802 -0.1860809579268 -0.1975932115608 
99.99869476558 -0.8216722144777 -0.8798522214731 -0.4393798789107 -0.447359283375 -0.1861448297323 -0.1976734629676 
99.99879803895 -0.8217546684903 -0.8802052246217 -0.4394770707011 -0.4474707502985 -0.1862040799799 -0.1977479196413 
99.99889376162 -0.8218308063854 -0.8805326960862 -0.4395671516525 -0.4475740833508 -0.1862590115029 -0.1978169595191 
99.99898243603 -0.8219010906608 -0.8808362938148 -0.4396505955907 -0.4476698213822 -0.1863099096979 -0.1978809390306 
99.99906453488 -0.8219659504827 -0.8811175834437 -0.4397278482106 -0.4477584716968 -0.1863570433536 -0.1979401940838 
99.99914050265 -0.822025784178 -0.8813780421774 -0.4397993285113 -0.4478405116012 -0.1864006654521 -0.1979950410252 
99.999210757 -0.8220809615249 -0.8816190626199 -0.4398654301726 -0.4479163898978 -0.1864410139444 -0.1980457775718 
99.99927569021 -0.822131825856 -0.8818419565414 -0.4399265228744 -0.447986528324 -0.1864783124981 -0.1980926837146 
99.99933567048 -0.8221786959936 -0.8820479585722 -0.4399829535609 -0.4480513229365 -0.186512771219 -0.1981360225935 
99.99939104323 -0.8222218680293 -0.8822382298138 -0.440035047651 -0.4481111454422 -0.1865445873461 -0.1981760413421 
99.99944213229 -0.8222616169642 -0.8824138613608 -0.4400831101965 -0.4481663444771 -0.1865739459198 -0.198212971904 
99.99948924108 -0.8222981982192 -0.8825758777267 -0.440127426989 -0.4482172468326 -0.186601020424 -0.1982470318185 
99.99953265375 -0.8223318490294 -0.88272524017 -0.4401682656179 -0.4482641586311 -0.1866259734035 -0.1982784249776 
99.9995726362 -0.8223627897312 -0.8828628499146 -0.4402058764807 -0.4483073664527 -0.186648957054 -0.1983073423527 
99.99960943714 -0.8223912249519 -0.8829895512655 -0.440240493747 -0.4483471384122 -0.1866701137899 -0.1983339626935 
99.99964328903 -0.8224173447099 -0.8831061346131 -0.4402723362778 -0.4483837251894 -0.1866895767852 -0.1983584531969 
99.99967440903 -0.8224413254334 -0.8832133393293 -0.4403016085016 -0.4484173610133 -0.1867074704929 -0.1983809701491 
100 -0.8226904281166 -0.8843366753152 -0.4406078335143 -0.4487693676552 -0.1868947625395 -0.1986167166322 
