# Status file for ctqmc. Used to save all times t_s, t_e.
8
3
34.57150459289551 33.48707556724548 0 0
48.20451736450195 48.49440455436707 0 0
97.06157445907593 97.03059196472168 0 0
1
90.69599509239197 90.71802496910095 0 0
37
2.644228935241699 3.013598918914795 0 0
6.914249430450118 7.286973550152709 0 0
10.42201920513899 10.42822818992773 0 0
11.71805697091616 11.7274560325256 0 0
12.74230937292015 12.81078786489931 0 0
14.17685572133967 14.37781106076827 0 0
15.97050787891286 16.11768226003277 0 0
18.57773998992195 18.59479546546936 0 0
19.14229386736381 19.25023985964955 0 0
21.8082015914345 21.92573547363281 0 0
24.30671307110095 24.67332502555211 0 0
25.65216565429241 26.60005610837319 0 0
29.03942743349886 29.13689943431699 0 0
30.0972042312914 30.83283779504112 0 0
31.03394426385939 31.07032764589348 0 0
31.74968130950306 31.90083221974887 0 0
40.34049234024364 40.86654266856208 0 0
43.17086515915549 43.50197913031491 0 0
43.88037323951721 44.52401269124238 0 0
49.8836469929085 50.19791722297668 0 0
53.09849939548749 53.98579640694194 0 0
54.49393674974095 54.84410524368286 0 0
56.32493701957461 56.45019133009272 0 0
56.51847625501193 56.71497543421836 0 0
56.72257542610168 57.91060924530029 0 0
59.31409131208638 59.37799542055528 0 0
60.91233491897583 60.92393896351157 0 0
62.80371531344975 63.72371085719185 0 0
63.98465132595427 69.41207051277161 0 0
69.43324208259583 70.89960409503976 0 0
81.98275196313821 84.27051972321529 0 0
84.56391368557522 85.27973294258118 0 0
85.77226088407021 86.22517003926529 0 0
87.03949810904979 87.58892184195585 0 0
88.11038195035648 88.39966665389338 0 0
88.63511207870056 88.73385051825016 0 0
97.13161587715149 97.32021068256138 0 0
33
0.9431421756744385 1.053768396377563 0 0
2.942642446839727 3.055144438203906 0 0
6.223183870315552 6.724247173837801 0 0
10.0791016453968 11.85945655315705 0 0
12.05535531044006 15.70003102882935 0 0
16.20928629314842 16.52412500601739 0 0
18.52350594014437 18.72815794671064 0 0
18.8212575782346 18.9464844087308 0 0
19.40120007193923 19.79637626697178 0 0
19.85743874354177 26.21428686419944 0 0
26.63847208023071 29.46040034294128 0 0
30.6973703572433 33.25981497764587 0 0
32.99316264499396 33.59897886269051 0 0
33.5482864284776 33.97176109194348 0 0
33.70292107175523 36.13530397415161 0 0
35.83750128746033 39.90789009463627 0 0
40.50058845464233 43.35681422486304 0 0
46.91056193632618 47.32568646332697 0 0
47.39714860916138 47.89084081993154 0 0
51.5128798016295 52.64599988758833 0 0
57.47024416923523 57.66598582267761 0 0
61.49407318971261 61.82570170100738 0 0
62.19354256946131 62.20247745513916 0 0
64.82008725412571 65.07079601287842 0 0
65.08587474628219 65.88178277015686 0 0
65.88975191116333 66.82094964051929 0 0
73.42530404867075 73.62537459294458 0 0
79.11547422409058 79.62331175804138 0 0
86.35447951170784 87.29281690576754 0 0
87.73910999298096 88.49211931228638 0 0
89.11418318748474 90.90682195283152 0 0
91.51400937188008 91.5723443031311 0 0
93.81312727928162 97.14356064796448 0 0
35
0.8152046409881049 0.216752290725708 0 0
3.008376078443931 2.11439766598026 0 0
5.795013904571533 5.092133783826114 0 0
6.336317862313861 5.795461158081001 0 0
13.48974970287043 9.739327430725098 0 0
16.4245304816499 16.32273401853184 0 0
20.7416152697749 18.74662327856468 0 0
26.16852246036953 20.933451131388 0 0
35.47120094299316 35.65408010990674 0 0
37.53487365808486 37.54622340202332 0 0
37.86708016283576 37.96839118003845 0 0
39.07754705179453 38.26458653247163 0 0
40.06192088127136 39.10277774035931 0 0
41.61876440048218 41.42104387283325 0 0
43.73575766096277 41.76772395621105 0 0
44.34332006884214 43.98530085299903 0 0
47.64679834903554 47.19937039371322 0 0
49.75027739499575 47.65813502536442 0 0
53.15203070640564 50.0294185383666 0 0
55.48890829086304 55.75876832008362 0 0
58.12227254250537 57.34767336517102 0 0
58.71697404942623 58.22492321237367 0 0
58.98224239937725 58.75495672225952 0 0
65.92682325119222 65.18720920477948 0 0
66.1764919757843 65.98027346823265 0 0
67.29718812947239 66.32821420919512 0 0
67.9074049583765 67.43474006652832 0 0
78.31580611268394 77.70760059356689 0 0
79.29554866128179 78.80420088768005 0 0
82.61468794227152 81.913026238459 0 0
87.56639678930256 83.92137926152385 0 0
87.77490608638608 87.71320999312714 0 0
89.84090089797974 88.26513467442921 0 0
91.46660666557551 89.88955020904541 0 0
92.73089170455933 92.95123219490051 0 0
34
10.83117127418518 10.36520004272461 0 0
11.62044405937195 11.05391979217529 0 0
13.86153363600689 11.63290900546777 0 0
17.29876066016141 14.02852292032779 0 0
18.50001811981201 18.14237805884874 0 0
19.71995025252318 18.56924450854174 0 0
23.6719677533737 23.43429327011108 0 0
25.12445174179612 24.3124622672393 0 0
26.83789461868848 25.97224931655194 0 0
27.58661224910706 27.35781102204344 0 0
28.91969336162984 27.90926874738192 0 0
38.28019342486648 29.97228168231651 0 0
38.9616847038269 38.89784216880798 0 0
47.86072373390198 47.65708324258595 0 0
52.5084736637409 50.62511023285 0 0
53.6881259180862 53.25944612590666 0 0
54.89559114068096 53.97493146862215 0 0
56.38612985713095 56.03022273761685 0 0
60.15006899833679 60.2199912071228 0 0
65.60669437335775 62.78372974615394 0 0
66.35726943546609 65.8055305480957 0 0
67.46194580608297 66.35846182556597 0 0
67.78066102909665 67.53344597840147 0 0
69.30602090531681 68.27142651194077 0 0
70.78114887337453 69.32742924196714 0 0
71.33514298792274 71.13929366932832 0 0
75.71419359592169 75.81315636634827 0 0
82.78744808144658 81.89531564712524 0 0
84.76116271896815 83.18777916027571 0 0
87.8827244451203 85.01390444638086 0 0
88.39915249629654 88.28340768814087 0 0
89.83196793121472 88.83188776476487 0 0
90.56746363639832 90.21160006523132 0 0
96.88513875007629 93.81831288337708 0 0
32
2.89409120887143 2.943193912506104 0 0
3.07392812538165 3.55871319770813 0 0
7.150606546829168 7.212737868946379 0 0
9.143722780802245 9.179524414572398 0 0
10.54795664879078 11.00443431887796 0 0
12.12652921676636 12.26602913376976 0 0
24.35382008552551 24.65941905975342 0 0
27.97357944620551 28.02420426129919 0 0
33.56058125574771 33.58341661891117 0 0
37.1128989055189 37.12542937994801 0 0
37.84401528750938 37.8487845668425 0 0
38.11559744469314 38.12134377968314 0 0
42.30791739792075 42.39764315922765 0 0
50.02122611308501 51.05606971889985 0 0
51.71944499015808 51.86890363693237 0 0
52.3722712817591 53.1945526599884 0 0
54.04486656188965 54.2061604934254 0 0
63.02850602613251 64.15022657325389 0 0
67.34446883201599 68.69769096374512 0 0
71.14584389819028 71.20053018879247 0 0
71.70689105987549 72.23273515701294 0 0
73.03410130386223 73.08765051611779 0 0
73.362135887146 73.44220998856891 0 0
75.31192868867198 75.59069269300653 0 0
76.16048389708823 76.1866791184417 0 0
78.48700712574423 78.63763362225356 0 0
85.30316282842377 85.44715793984059 0 0
85.51361684390369 85.57527044147217 0 0
87.08131909370422 87.28339076042175 0 0
90.32557839053936 90.50288200378418 0 0
95.33119201660156 96.80546293661934 0 0
97.56500720977783 97.72199392318726 0 0
28
14.93182182312012 15.50835967063904 0 0
22.51834675649114 22.55567878244899 0 0
23.18222508876391 23.21082353591919 0 0
28.20421770040517 28.2316637072519 0 0
29.18819189071655 29.27081093774124 0 0
30.05836009979248 30.27988076210022 0 0
34.09308332435018 34.38951373100281 0 0
36.29221006965518 36.6006750626094 0 0
41.72164868856047 42.2370945344698 0 0
43.528151512146 43.73806118965149 0 0
51.92962884902954 51.97341442108154 0 0
53.12587022781372 53.3378393467802 0 0
60.96150875091553 61.00176572799683 0 0
64.34640288352966 64.48683142662048 0 0
68.58985424041748 69.33258771896362 0 0
73.62015247344971 74.06249046325684 0 0
78.41162154749702 78.72110151224429 0 0
80.85663023429304 80.95431497252046 0 0
81.13890290260315 81.15131030351219 0 0
83.32405686378479 83.52256426488626 0 0
84.2303623346682 84.73913549191079 0 0
85.87018844506817 87.06765079625447 0 0
88.628745067708 88.66788609908755 0 0
88.940810185836 89.68381916350864 0 0
91.20343557031872 91.26854233207753 0 0
91.66397730648033 92.23712682723999 0 0
92.94050335884094 93.67353916168213 0 0
99.81849676598031 99.90933028063837 0 0
