# Status file for ctqmc. Used to save all times t_s, t_e.
8
6
15.0859534740448 15.1296854019165 0 0
18.40298175811768 19.30401148824501 0 0
20.17903327941895 20.84708213806152 0 0
33.44898223876953 33.52867972471145 0 0
41.23515486717224 41.25975370407104 0 0
80.24913668632507 80.2797257900238 0 0
2
14.30915437075464 15.1585095908648 0 0
15.23485831663831 15.28821499433661 0 0
37
3.830733995335562 4.139545091063468 0 0
4.576767704462734 4.591488838195801 0 0
5.38882757729516 5.629943489164628 0 0
7.106800051845251 8.576718961944923 0 0
9.995176416619238 10.01764458996046 0 0
10.96369028091431 11.30599942771991 0 0
11.5105152130127 12.74459362030029 0 0
13.70772974415912 13.77654946956778 0 0
15.88981517929932 16.29716417831801 0 0
16.64174795150757 19.01583098434312 0 0
19.01397345675491 19.47855583832713 0 0
26.79602134716484 26.8189267397854 0 0
28.06172325611806 28.42022180557251 0 0
28.43809723854065 28.72874196668165 0 0
30.73169887542065 34.68631789463227 0 0
35.22283434867859 35.61401746046216 0 0
36.16729556196015 37.1226966381073 0 0
37.9305152352849 38.05743680217942 0 0
40.71205054938664 40.81618785858154 0 0
41.77437621427583 42.08817564106109 0 0
46.30449623331856 46.32082021766553 0 0
48.64879846572876 48.93267432360986 0 0
58.11174962452516 59.42285656929016 0 0
60.99994656492751 62.03199625015259 0 0
64.88242994953264 65.87944030761719 0 0
66.46812518885454 66.76059365272522 0 0
67.05970317730011 67.15114253581085 0 0
67.47368048784787 70.23450136184692 0 0
72.02676330898002 72.34560251235962 0 0
72.46682782193497 74.9225378036499 0 0
75.51463842391968 84.93686073394372 0 0
88.11420298832718 88.1929323833607 0 0
92.1342670917511 92.47404932975769 0 0
92.67278416941274 92.69856801924092 0 0
93.48030686378479 93.59961152076721 0 0
93.77437879268122 94.02028308473177 0 0
98.780058866243 99.07423803531094 0 0
40
1.586472988128662 1.436638832092285 0 0
3.661843586055813 2.30279606196936 0 0
8.226281404495239 4.059432825819109 0 0
8.940480099834502 8.274356972723252 0 0
10.91634677152865 10.27031363735438 0 0
15.32237964812012 11.48914138546826 0 0
19.3963982928677 16.09824042881625 0 0
24.36814904212952 19.63583388672907 0 0
28.58277559280396 28.20141315460205 0 0
29.4273316860199 28.91908884048462 0 0
36.08752489089966 32.38765156434246 0 0
40.58365784814296 37.65488862991333 0 0
41.18103817320798 41.04312992805766 0 0
43.72864167443897 42.5294399920929 0 0
43.90807376077546 43.84184180385972 0 0
45.56118665980944 44.90118569556323 0 0
45.89776140899367 45.85646986961365 0 0
49.15987818891844 45.90674144650126 0 0
49.85300957413322 49.3251952359696 0 0
50.05658612741728 49.86237652440487 0 0
57.78791308403015 57.33192304039122 0 0
60.47239913218063 58.8553993445838 0 0
62.98234716204503 60.49075722694397 0 0
66.71321764131264 64.54517151165356 0 0
67.31933617134779 66.96918606758118 0 0
73.23452830314636 67.90861711991168 0 0
73.76188313791239 73.30940365791321 0 0
78.28915811656903 73.86064731957005 0 0
83.55918526649475 81.23558163642883 0 0
85.62328815460205 83.913041618964 0 0
85.7941177852682 85.73592901229858 0 0
85.95960349701716 85.81656813621521 0 0
86.48758601894468 86.27302732739237 0 0
87.37896985913299 87.13192413764158 0 0
89.55661075139678 87.56787313779795 0 0
91.320857372006 90.60409531942544 0 0
94.34876089107433 93.43599474035689 0 0
96.13737463951111 94.6566240427419 0 0
98.70576183686354 96.57924771308899 0 0
99.38362796128715 99.26973171622542 0 0
30
2.120280335390978 2.215981483459473 0 0
2.306866645812988 3.635051767611647 0 0
4.576653381866361 4.820660445248621 0 0
9.077455986624825 9.309321641921997 0 0
11.14465975733694 16.69181839167173 0 0
15.71382284164429 19.82269287109375 0 0
19.69058513641357 21.4297890663147 0 0
19.86280083656311 26.81671962542853 0 0
27.02610229280289 29.27535404683567 0 0
30.67466987317703 30.7561993598938 0 0
34.49507355690002 34.70828415706295 0 0
37.41222620010376 39.19536113313483 0 0
39.05428552421829 40.2953498597405 0 0
46.02329135479838 48.93321204556166 0 0
50.66933631896973 50.7530152797699 0 0
52.9679536819458 53.23116779327393 0 0
53.26181877257219 53.81006002426147 0 0
53.93143597064692 57.06357028623174 0 0
57.01792156764092 58.21973855065306 0 0
59.65773453110678 62.78192565292004 0 0
65.93566981646157 66.09089970588684 0 0
66.50962829589844 73.79803958552549 0 0
74.81546998023987 74.95030789859976 0 0
75.00248579787015 77.2710382938385 0 0
82.19249248504639 82.54475824705274 0 0
91.94652559157991 92.1236515045166 0 0
93.22003484139555 93.27390761806944 0 0
94.55133143499845 94.69230661159257 0 0
96.29947543144226 96.32945342361496 0 0
97.22824098921558 99.0400108413463 0 0
51
0.7942080497741699 0.5435824394226074 0 0
1.485871250662373 1.33992025823062 0 0
3.174692919358882 2.934622764587402 0 0
3.398948907852173 3.255373239517212 0 0
6.02510033855263 5.954497209622289 0 0
6.741625070571899 6.603081976984027 0 0
7.324666911824546 6.98898939438252 0 0
8.707221257408142 8.105678806561263 0 0
9.672082572567549 9.655364704939528 0 0
9.848597057479443 9.762350833968949 0 0
10.82189458653604 9.883547580270051 0 0
12.33241545739678 10.83471738299969 0 0
22.08137448580009 20.2227617077026 0 0
26.46531414191141 22.10617708320319 0 0
29.74682385307287 26.49295933616197 0 0
33.18660938927102 30.63905835151672 0 0
34.2757899915884 34.06085362495016 0 0
35.98972397419832 34.2825895928283 0 0
37.43424313225803 36.00237248277363 0 0
38.34786705203594 37.87635029105942 0 0
42.69112942304503 39.85694910686583 0 0
44.18241381645203 43.74499789301005 0 0
45.21157145500183 44.3887571820451 0 0
46.45494222640991 45.45262455940247 0 0
48.17301630973816 46.75821353949452 0 0
54.08565199201301 48.52091073989868 0 0
57.96172430308157 54.12346125588138 0 0
59.14689779640165 58.12856968075746 0 0
59.8015877498916 59.5068366251915 0 0
62.86609354255043 62.49932770829814 0 0
64.78609202493013 64.69227407049958 0 0
66.11579063933782 64.87279534339905 0 0
67.11877068812507 66.32010381784781 0 0
67.98203587532043 67.42928624153137 0 0
69.46970820024573 68.19319725036621 0 0
70.16321420669556 69.78763192787662 0 0
70.73431015014648 70.45912826378672 0 0
71.45876816206982 70.74106931686401 0 0
74.04112646554704 71.61805437366922 0 0
76.05426576597144 74.81740985215073 0 0
79.0613055229187 76.17921887113488 0 0
81.73896281781674 79.18543815612793 0 0
82.11523903161552 81.9012625085725 0 0
83.43998497134938 82.14144607046734 0 0
86.64359134193376 86.74798865602436 0 0
86.8826535564915 86.9087262292345 0 0
88.65644931793213 88.69809433175826 0 0
91.72956938950654 90.99915623664856 0 0
94.30318203944439 93.50687306188726 0 0
94.60084201247646 94.53350329203025 0 0
95.88236154062209 95.84861993789673 0 0
34
0.5186690909169154 0.6838798522949219 0 0
1.404297595922696 1.43473270380363 0 0
3.645991772462764 3.718314828824623 0 0
5.455929040908813 6.09116139518347 0 0
6.604268685534485 6.729918718338013 0 0
7.750904560089111 8.348441123962402 0 0
18.19193959236145 14.45486545562744 0 0
18.58914120909458 18.32697434852487 0 0
21.74018344205452 18.60924479335041 0 0
23.20130032093129 23.805266137207 0 0
24.16320250084833 24.21499854775755 0 0
25.9380042552948 25.58265924453735 0 0
32.6237220553592 32.75325422044641 0 0
35.55582170978503 35.75788075668113 0 0
36.56854496076085 36.62229034462215 0 0
40.96592664718628 41.03670120239258 0 0
41.49622100288844 41.57147125439416 0 0
41.82477769868888 42.19696182369437 0 0
42.65491727482365 42.74407625198364 0 0
44.51597132366793 45.2145077455242 0 0
49.45820773415712 50.02706818272522 0 0
64.26419215393888 64.49834107138555 0 0
64.61523945143539 64.7517253724979 0 0
65.20035949813862 65.78777875566222 0 0
69.50746326001068 69.51703376898048 0 0
75.1350998878479 75.98311305046082 0 0
77.59374521127283 77.66657753092788 0 0
78.694823464116 78.84318589210028 0 0
85.74467301368713 86.37811541557312 0 0
87.01309626821734 87.02709674835205 0 0
88.68085737282435 89.60274751523282 0 0
89.90771880954381 89.95021063687142 0 0
95.57063579559326 95.70697052790702 0 0
98.73159527778625 98.80409956393193 0 0
41
0.3547335474982889 0.439936192889081 0 0
1.490086317062378 1.639581043968643 0 0
4.673940179144561 4.923093706226522 0 0
6.66542649269104 6.820464134216309 0 0
17.20212697982788 15.35826708766546 0 0
18.20592284202576 17.3431712605439 0 0
19.3191228107868 18.351346489815 0 0
20.22424936294556 20.27058601379395 0 0
20.88467478752136 22.33836650848389 0 0
29.28846532593075 29.3394148349762 0 0
37.26446032524109 37.64948844909668 0 0
40.75736037714631 41.43632311428287 0 0
42.15735197067261 46.40079736709595 0 0
46.65684828201262 46.69612463818445 0 0
49.59711049879328 51.99237465858459 0 0
52.24884734640489 52.63547620327025 0 0
53.22305560112 53.26215714466982 0 0
55.71594997087804 56.08738668779595 0 0
57.18168289541067 57.27568867533289 0 0
57.57094755033222 58.45229942737121 0 0
61.30873105276358 61.39976382255554 0 0
62.58554458618164 62.78889775276184 0 0
67.47755408287048 67.53096426997701 0 0
68.89460169589201 69.66109763841609 0 0
70.45987490168363 70.65844535827637 0 0
70.76125132252398 70.92336531566011 0 0
76.49597091573739 76.60346208163978 0 0
77.43691205978394 77.50225067138672 0 0
79.75559643022928 80.16907299325879 0 0
81.32458783193776 81.36700391769409 0 0
83.75953188079146 83.82466452466986 0 0
86.89676806645883 86.68737867970111 0 0
88.28906143322021 88.40763568878174 0 0
89.72786843109479 89.75449800491333 0 0
90.51612074009932 91.2803309773148 0 0
93.13480257987976 93.47222289319696 0 0
93.53549813926132 94.5202534008509 0 0
94.67715112640995 94.71601247787476 0 0
95.37648760217201 95.65215709290901 0 0
96.05022556565253 96.16997132053122 0 0
96.54490351676941 96.48321270942688 0 0
