# Status file for ctqmc. Used to save all times t_s, t_e.
8
4
74.46431517601013 75.30037760734558 0 0
78.23033332824707 77.95703287648337 0 0
79.25057411193848 78.89100909233093 0 0
85.24274826049805 84.96757745742798 0 0
4
39.69335556030273 39.74154591560364 0 0
48.24679493904114 48.48483204841614 0 0
56.77492618560791 56.74213767051697 0 0
63.22517991065979 63.60945105552673 0 0
36
0.3235839981421775 0.5753824030209888 0 0
6.713257007561786 4.792489727225424 0 0
7.043692468688556 6.797838025900874 0 0
8.002163316792004 7.479067274684132 0 0
9.440419778644516 9.460008144378662 0 0
11.53607368469238 11.30724668111682 0 0
15.8770331009805 16.12007021903992 0 0
18.81227493286133 18.98487465601816 0 0
24.55182796255465 23.15213306124073 0 0
25.36568137284134 24.59203648893384 0 0
32.85291760631726 25.46037825538284 0 0
34.16523078611714 33.2216786633504 0 0
34.70583845063586 34.43780781475666 0 0
37.41271013157432 37.3516345204804 0 0
38.2272481918335 38.0143404006958 0 0
41.73350101734492 41.67605274302012 0 0
42.486110447888 43.0480644604787 0 0
45.61710357666016 44.88113914862416 0 0
47.26051688194275 45.86603934392084 0 0
53.3084249724161 50.53013652204824 0 0
61.25738024711609 60.72390079498291 0 0
64.90412311184492 61.26306653022766 0 0
65.30851168075982 64.9761974811554 0 0
66.7286811444923 66.63426557780707 0 0
67.84602705255391 66.83025767244912 0 0
69.90416753030786 68.91927719116211 0 0
71.50956695108854 71.39459482070573 0 0
72.04945918008212 71.54392392985336 0 0
72.15658556382063 72.14104493902967 0 0
72.84668176782388 72.3311487446442 0 0
74.82825925338024 74.01105030321135 0 0
75.09416101095069 74.85679892333795 0 0
77.55106091499329 75.9348068567281 0 0
80.71716612366849 77.7113676071167 0 0
84.86438741822353 84.94381269105799 0 0
99.49575657923432 99.26286721444075 0 0
33
14.35057100359569 12.67458313539294 0 0
15.14599928429959 14.35508131980896 0 0
19.29962038993835 19.7691227698568 0 0
26.50622386848081 26.50925866981028 0 0
32.15201101892205 31.99397027599371 0 0
32.98885387490044 32.36587816292477 0 0
34.90471700490831 33.05418357185448 0 0
37.07571468676908 34.94792057752503 0 0
47.97416925430298 48.02956581115723 0 0
55.53418282833746 54.09887125420072 0 0
56.23251795768738 56.22563362121582 0 0
58.3251660680573 56.42084199891534 0 0
60.4854550831142 58.38031714842979 0 0
61.40003800392151 61.35133825757408 0 0
61.77682175143612 61.51610243436172 0 0
62.41277719398778 61.93219347749017 0 0
63.85488467527841 62.72279536145986 0 0
65.00985335774391 63.90194041164379 0 0
65.10305154364521 65.08208148070096 0 0
66.23693108558655 65.1513254284272 0 0
66.87560572986291 66.60372018814087 0 0
70.26898264884949 67.99133431927036 0 0
70.56953907012939 70.54647207260132 0 0
72.12974104660717 71.45103775581613 0 0
79.27583989042698 77.80498956376138 0 0
80.57213939778237 80.06030087872388 0 0
81.92324587540139 84.99740643108582 0 0
85.04258225784386 85.4417213899555 0 0
88.16162823573228 88.19255232810974 0 0
91.11151695251465 91.21002554893494 0 0
92.95212391675776 92.83361115475941 0 0
94.6571946144104 92.95729398727417 0 0
95.87920904159546 95.15389800071716 0 0
32
6.555043828557316 6.568843657672119 0 0
6.783270835876465 7.119274495872776 0 0
9.969912475510618 10.17378997502706 0 0
12.56464123725891 12.75759679717949 0 0
15.81608057022095 15.75849056243896 0 0
18.03102379683255 18.06597822610768 0 0
20.48978209495544 18.51813197135925 0 0
24.68687783444019 29.18957583263793 0 0
29.17013168334961 29.66733872381852 0 0
29.89673987537103 32.24194019819323 0 0
33.44916105270386 36.69419114300709 0 0
37.51356601715088 38.20648748074105 0 0
49.91024326479732 49.99272979630936 0 0
52.33127544328369 53.26899968317681 0 0
53.50611805915833 53.6892342663191 0 0
54.38348271204448 54.47257005755579 0 0
56.86437434916201 58.56893081490684 0 0
58.91651800101595 59.14321541786194 0 0
62.6152934320322 65.17320832036374 0 0
65.66434921746577 66.190022992512 0 0
66.2732120459893 66.60034581060306 0 0
67.89043179547762 68.31461721440127 0 0
68.39522475282496 69.77702127817054 0 0
70.0101367646695 70.07541656494141 0 0
73.39297044630058 73.70729919243075 0 0
74.24444642092249 74.35915392678676 0 0
78.93763748468267 79.70917066402455 0 0
80.42419845488095 80.72731114961395 0 0
83.83437991142273 82.10240006446838 0 0
84.6687376499176 84.14406180381775 0 0
92.58772134780884 92.60203242301941 0 0
93.74090433120728 93.82478471370494 0 0
33
0.5233943462371826 0.2766311168670654 0 0
1.739934264020751 2.016992391069389 0 0
2.022337913513184 2.882802486419678 0 0
4.890690307606672 5.001622438430786 0 0
5.075726717840753 5.236398140306624 0 0
5.346286205412662 5.815328835791524 0 0
8.441329002380371 8.685685677672275 0 0
10.43643114210149 10.54800466310715 0 0
12.0730996131897 12.09155321121216 0 0
13.78319238825166 14.48191188544998 0 0
26.85097068647639 26.93297863006592 0 0
27.34158635139465 27.60408352944594 0 0
28.20977312119376 28.24791073799133 0 0
29.63816947676045 29.89185206850236 0 0
31.93034529685974 33.74202560193424 0 0
34.2945270022895 34.31190848350525 0 0
34.48071178773377 34.75089828795957 0 0
35.47549843788147 36.6070568561554 0 0
37.04668829309215 37.09147688899172 0 0
44.52464183880128 45.0728178024292 0 0
50.52555203437805 50.52582025527954 0 0
50.90484023094177 51.07703804969788 0 0
55.26648510129398 55.57096481990492 0 0
59.39666032791138 60.13864874839783 0 0
60.52654436773564 66.01741624118286 0 0
69.38230651656652 70.14282941818237 0 0
72.90856182054748 73.33133553672629 0 0
75.61638662053758 75.66310186436604 0 0
75.81726078124019 78.57217736751399 0 0
79.51981316544111 79.60391640308006 0 0
82.21292848660259 82.15856659356054 0 0
94.8457658290863 94.86981322879929 0 0
95.5209644396888 95.69154036740315 0 0
39
1.029475487815645 1.148629853733851 0 0
5.225539609648422 5.353629589080811 0 0
8.452326059341431 8.628237247467041 0 0
9.267347494294807 9.525265610128235 0 0
14.2648947119213 15.49838003049094 0 0
17.52945464136779 17.83860016698047 0 0
18.7349105523923 18.8338737035211 0 0
19.30468678474426 19.39844602955064 0 0
22.8968308616533 23.0716843044798 0 0
23.41877937389109 23.57337532247429 0 0
23.96941184997559 24.3378043690799 0 0
25.59045553207397 25.59834718704224 0 0
28.84541374814755 29.00742292404175 0 0
32.32546448707581 32.74753969937758 0 0
34.31185483932495 34.43351436222031 0 0
39.50552344322205 39.50872421264648 0 0
40.70659906241403 40.71721102617687 0 0
46.86825474004605 46.87958955764771 0 0
49.87077713012695 49.92446589854273 0 0
50.09701272394622 50.42075186632739 0 0
50.82616597849305 51.13664631021638 0 0
56.67691533385285 57.07811713218689 0 0
58.98756980895996 59.14278030395508 0 0
66.2158628581107 66.84379430899695 0 0
67.56661534309387 67.68257714794458 0 0
69.12898096894793 69.39435843525868 0 0
70.0449749528688 70.11876660490819 0 0
70.71316976031028 70.9188898070356 0 0
73.19387793540955 73.29538464546204 0 0
78.36005436531224 78.91216524314082 0 0
79.20506596565247 79.73962487135408 0 0
80.27956485748291 80.39371574017382 0 0
82.53270353394669 82.68169760704041 0 0
84.45971608161926 84.62111949920654 0 0
85.90333710206438 85.93339572957629 0 0
88.78087363337248 88.81717744279476 0 0
88.9052086988296 89.04768156061448 0 0
92.4787836833972 92.52420329907767 0 0
99.13529753684998 99.19306635856628 0 0
33
0.8987091854976086 0.8989853773817824 0 0
3.096613209547524 3.281890454558732 0 0
4.341381788253784 4.435152046768845 0 0
6.360524892807007 6.425017118453979 0 0
10.37580310085371 10.46980103462894 0 0
17.29359313105549 17.39221811294556 0 0
19.73001750239325 19.81001070816441 0 0
19.87656661705278 20.24863282478674 0 0
22.58807420730591 22.86783456802368 0 0
23.13385942752513 23.14030778505781 0 0
23.94840151343562 23.98235783750809 0 0
24.70860429080907 25.3380427930522 0 0
32.12707042694092 32.6389542458017 0 0
36.52364015579224 37.36522197723389 0 0
46.69706794282789 47.04690524363286 0 0
48.20858622182369 48.62285419439927 0 0
48.90949130058289 48.91410702150718 0 0
49.9846333821673 50.03695102293355 0 0
52.22110742576491 52.50173211097717 0 0
53.57136130332947 53.58618645817721 0 0
54.91046351187052 55.11364936828613 0 0
61.94655024510039 62.24214003968192 0 0
62.91098594665527 63.10007387135541 0 0
65.25242335393023 65.25120139122009 0 0
66.9436255298706 67.22729542517355 0 0
70.27638755867532 70.29632252258239 0 0
74.18718203861577 74.72195939941496 0 0
76.22118127702082 76.74978375434875 0 0
77.86709258662538 78.00515294075012 0 0
79.07304167747498 79.32415714518659 0 0
84.47385904128289 84.74060402665731 0 0
93.00422668457031 93.15961003303528 0 0
95.72626352310181 95.96326947212219 0 0
