# Status file for ctqmc. Used to save all times t_s, t_e.
8
5
3.715068101882935 3.751240192504923 0 0
42.4898087978363 42.49550104141235 0 0
54.40911054611206 54.83685731887817 0 0
65.66354036331177 65.72120189666748 0 0
77.02821493148804 77.15931534767151 0 0
11
5.56316723676602 5.340461364158386 0 0
5.834709842689328 5.742832967123748 0 0
7.952117919921875 7.627791166305542 0 0
37.18044757843018 37.5034511089325 0 0
45.69043859264888 45.70909601307019 0 0
52.14750170707703 52.11082100868225 0 0
52.8594840826532 52.88414378148936 0 0
65.54608941078186 65.98343253135681 0 0
84.8985493183136 85.13941168785095 0 0
87.36257553100586 87.76242733001709 0 0
90.39850234985352 90.4407262802124 0 0
32
0.1945613027878451 3.525342924802999 0 0
5.237567392721587 5.545914173126221 0 0
6.761147563434676 7.164728877044963 0 0
10.80965274436018 11.29337549209595 0 0
12.52882174750074 12.62804865837097 0 0
14.06828919337617 14.84763026237488 0 0
16.87121987342834 17.26413369178772 0 0
19.42701935768127 19.43149695398526 0 0
21.83871865272522 22.02168583761311 0 0
23.87115398511812 24.51623540845759 0 0
26.65536999930798 26.76970033827492 0 0
27.68010497093201 27.85345085865693 0 0
31.45752236190837 31.779944896698 0 0
34.00442600250244 34.22079736787646 0 0
34.46509838104248 34.51674580574036 0 0
35.9049017187762 39.03879523277283 0 0
54.79512810707092 54.78145480155945 0 0
55.8973922751882 55.30837725484048 0 0
58.1296802663477 58.98109505765626 0 0
59.34066713034589 59.59792733192444 0 0
60.14759471155821 61.46926879882812 0 0
72.68168532308671 72.76087992619225 0 0
72.91998581057987 73.00446033477783 0 0
73.40993791203154 73.56311082839966 0 0
74.24472570419312 75.50493456035916 0 0
79.18388247489929 79.18499112129211 0 0
81.79902762037936 86.43073792772896 0 0
86.52506075211207 86.55717650773325 0 0
86.76641583442688 86.97366118431091 0 0
89.63684657699896 89.97414112091064 0 0
91.0072110840586 91.07449054718018 0 0
93.23544299987789 99.34899806976318 0 0
35
3.84785532951355 3.440862894058228 0 0
11.19201876125241 6.756763717606873 0 0
18.76564554982737 16.14765212314906 0 0
20.61119079589844 19.40866112709045 0 0
30.716872215271 29.26132678985596 0 0
32.36067997405484 30.81825510467173 0 0
39.46349620819092 36.90215027082655 0 0
39.54043388366699 39.63085412979126 0 0
43.45900483357278 40.30194878578186 0 0
46.27065307055297 43.61752941548369 0 0
50.75624585151672 44.41199805578827 0 0
53.68037708728295 46.32285237312317 0 0
56.10275201964113 50.81315300754473 0 0
64.28865570221296 56.04552626609802 0 0
66.14737751258126 64.56308960914612 0 0
68.17442271602035 66.42073392868042 0 0
69.45105791091919 68.41158556304237 0 0
72.65512347221375 72.06221841736809 0 0
74.89070296287537 73.03197350268161 0 0
75.41679123218132 74.90618428753493 0 0
78.12955278386109 77.95475125312805 0 0
79.62734016848219 79.26421129869335 0 0
80.47572272964274 79.87297304611018 0 0
83.93857479095459 81.81355595588684 0 0
85.35205721855164 84.0971827507019 0 0
89.20148467186873 87.1257833204119 0 0
89.69966567592417 89.58215117454529 0 0
91.29716157913208 89.92251283770827 0 0
91.39733519185258 91.35776162147522 0 0
91.46496057510376 91.45309329032898 0 0
94.33949373659972 91.75277352333069 0 0
97.7018641759563 94.38156763701954 0 0
97.79095040677743 97.73286421800738 0 0
98.07005093038069 97.7914136867325 0 0
99.8840232843359 98.14946055412292 0 0
25
0.6325185298919678 0.1667009658027014 0 0
3.841549158096313 0.6715969295391809 0 0
6.322164720225628 4.617190361022949 0 0
6.763626855502566 6.556236743927002 0 0
8.578212541015303 7.209210550125446 0 0
15.63932299613953 12.62508859864401 0 0
17.01499819755554 16.52538180351257 0 0
18.03351408539374 17.38613843917847 0 0
19.14953606908974 18.8130060392898 0 0
26.50203108787537 19.88854804243111 0 0
31.91585540771484 31.42217594099397 0 0
32.11473014635335 32.02243433397191 0 0
32.82491924928169 32.35404668682017 0 0
35.00175476074219 32.87504911422729 0 0
44.347426714047 46.39716744422913 0 0
47.63736035242751 47.70982336521995 0 0
48.84400110426211 48.90357370558685 0 0
49.74860437763238 51.20207090683024 0 0
54.39971002611586 54.41660078946815 0 0
54.46276110402596 54.60239885612818 0 0
54.73172664642334 54.75281476974487 0 0
59.15262699127197 59.33005910032651 0 0
73.43405485153198 72.58241680353143 0 0
83.02804135028836 83.0039918422699 0 0
92.29005575180054 89.45372104644775 0 0
29
2.35743522644043 5.025281582682956 0 0
5.713611841201782 6.827566463900288 0 0
7.389183321119812 8.067653557633639 0 0
10.14825498836491 11.16524425802233 0 0
11.56768202781677 12.45825039857138 0 0
13.47817182540894 13.48298192024231 0 0
14.70421534690729 15.36934971809387 0 0
15.38398244227731 23.90522637046644 0 0
24.8430609703064 25.98452534792237 0 0
28.47069090830537 31.32827361716192 0 0
33.16428011883524 35.25022929077363 0 0
40.47111758682063 41.45381707732803 0 0
41.43461691919928 44.92108365646873 0 0
44.71624502059433 50.99999308586121 0 0
50.57781338691711 56.64543509483337 0 0
60.65508127212524 61.95439696311951 0 0
62.05893754959106 64.48199840539095 0 0
64.83202936189905 65.39299488067627 0 0
65.48269594497381 66.41691327095032 0 0
69.21542882919312 69.47796940803528 0 0
72.35612273216248 72.52183109239445 0 0
74.44058691361643 74.48955981992 0 0
75.31804992546651 76.19322737002477 0 0
81.47161628059648 81.56510715703398 0 0
81.59360824181979 83.05066227912903 0 0
83.41325521469116 83.66899490356445 0 0
86.82759404182434 86.87814769232982 0 0
89.89237557449195 93.0067727521448 0 0
97.08701968193054 97.89018630981445 0 0
38
4.59941029548645 5.555462837219238 0 0
7.376329909514294 7.379686505021866 0 0
8.360013803149849 8.535140752792358 0 0
9.668950775920823 9.788040937775877 0 0
11.89301083425571 12.11979647010237 0 0
13.30494648550052 14.09521566644845 0 0
14.452064037323 14.57975680367702 0 0
15.07915257863077 15.47122096404792 0 0
16.04226726391055 17.3395574092865 0 0
18.99103895691 19.06703114509583 0 0
30.98682165145874 31.13450407981873 0 0
31.27825856208801 31.29054833365794 0 0
32.67436932254797 32.82410040576655 0 0
34.51651334762573 34.75839495658875 0 0
41.02012515068054 41.05064272880554 0 0
43.57590675354004 43.79584789276123 0 0
47.26149552299694 47.30798006057739 0 0
49.10699120505375 49.56601502706803 0 0
50.45572138259509 50.57269334793091 0 0
52.25139487524322 52.40289951108366 0 0
52.51111485303169 53.23728556254677 0 0
54.92669939994812 55.02824187278748 0 0
56.08895584876432 56.16519248119048 0 0
56.58204346814847 57.29620000651012 0 0
58.53257348339493 58.57908129692078 0 0
59.54177975654602 59.87769365310669 0 0
61.07419501148774 61.12880110740662 0 0
63.2988035350016 63.30053506749316 0 0
65.27686715126038 65.32257795333862 0 0
66.64949655532837 66.75629615783691 0 0
71.60591323774048 72.12440948415804 0 0
73.16466338323603 74.37863937574934 0 0
74.8656327733448 75.69019198417664 0 0
76.39298439025879 76.42318135159239 0 0
79.52383288389058 79.73370945157271 0 0
87.13955711025363 88.23887886827961 0 0
88.39765613199145 88.55683524962474 0 0
89.94254650503666 90.19615064933113 0 0
43
4.584604501724243 0.06608366966247559 0 0
6.866174239964004 4.600923220550612 0 0
12.8544843658781 6.905466318130493 0 0
13.04009556770325 12.88580181462647 0 0
16.17255070026473 13.10327296925499 0 0
17.01342941562212 16.28269344266066 0 0
17.38530473306481 17.05937494905941 0 0
17.54908186149587 17.43673633988649 0 0
20.7157019719365 18.01708406689707 0 0
22.74147272109985 20.85910453989402 0 0
25.08304467624118 23.17068926324982 0 0
25.59721374215375 25.41234443489266 0 0
25.97094598512655 25.60567832163102 0 0
31.87334380384124 26.6147074214707 0 0
36.92797743286386 32.61649608612061 0 0
37.48339414596558 36.95603360797861 0 0
38.12054395675659 37.86388039588928 0 0
39.46008639982813 38.37997452468765 0 0
40.26035136683271 39.49985504150391 0 0
44.41588074201255 40.6114900449746 0 0
45.20318934259468 44.51598873333933 0 0
47.42535685163998 45.20716179503323 0 0
47.87190146051945 47.438843045439 0 0
52.89264917373657 47.88039052511511 0 0
55.29965988675081 52.97050032663174 0 0
58.60384554929351 55.6516647583531 0 0
59.4764688246018 58.69182927827281 0 0
63.81755471229553 60.11985044088814 0 0
65.88431596755981 64.13329839706421 0 0
68.46703052490888 66.29624001244281 0 0
68.58593821525574 68.4874415397644 0 0
72.62696027755737 69.08617707417264 0 0
74.35269367911687 72.77573347091675 0 0
74.76108184710098 74.3959367275238 0 0
75.52629587366205 74.98014936025238 0 0
81.99325232837715 75.67935466815939 0 0
85.14116485888802 82.26333937844323 0 0
86.32536521973445 85.3357195854187 0 0
87.98173069953918 86.38403101980865 0 0
90.00851251192401 88.09391856193542 0 0
90.52574828582101 90.5241609390909 0 0
99.45650832847825 90.83413310382001 0 0
99.93725419044495 99.52682256698608 0 0
