# Status file for ctqmc. Used to save all times t_s, t_e.
8
6
15.29674530029297 15.41487574577332 0 0
17.21284985542297 17.00924634933472 0 0
56.55502080917358 57.25990533828735 0 0
66.8540575689572 67.11688800831652 0 0
78.16093944038656 78.20728421211243 0 0
95.20471692085266 95.30558586120605 0 0
7
14.64853635542802 14.85296487808228 0 0
23.21290969848633 23.10589551925659 0 0
52.79185175895691 52.69602537155151 0 0
57.11587119821179 57.1233791526339 0 0
78.20360674760983 78.7842333316803 0 0
89.3271803855896 89.33911944010688 0 0
97.94439673423767 97.98719882965088 0 0
36
0.5015790462493896 0.9313884496380052 0 0
1.997970167645598 2.026205734438043 0 0
4.076625159481743 4.863899854555692 0 0
7.017727773615005 7.021279301749049 0 0
7.890791002966705 8.070227492034318 0 0
8.498340845108032 9.036842251301202 0 0
16.59405125944398 16.93134904029996 0 0
21.35463496082177 21.50623136165303 0 0
22.74438950598471 23.09171149023595 0 0
23.23856353759766 23.79896416304284 0 0
25.88396668434143 25.97319483757019 0 0
28.34030731194735 28.51226669552533 0 0
33.34551449909264 33.96912582522688 0 0
34.87356305122375 35.2327287197113 0 0
35.26622653007507 36.62605285644531 0 0
37.99211978912354 38.10417821803719 0 0
38.71748211298363 38.89991826700836 0 0
39.153331289031 39.23262357711792 0 0
42.23094214341878 44.90787381519825 0 0
49.28751587867737 53.53042483329773 0 0
53.81874473678465 54.32486484030923 0 0
57.6485044464285 58.41496586799622 0 0
60.34604907035828 66.07565879821777 0 0
68.43462177159294 68.46258939503696 0 0
70.0121339957991 70.69974488154733 0 0
71.0426390171051 71.52335047721863 0 0
74.59220921206089 80.70854670882436 0 0
86.20267510414124 90.34601917659921 0 0
93.13696720598318 93.14550851830347 0 0
94.58187066974195 94.61822486853708 0 0
94.97181908395387 95.12479402283277 0 0
95.16213014126411 95.46854071173588 0 0
95.56097663831056 96.35742747326056 0 0
96.53971629720401 96.63267850670492 0 0
97.67269945851321 97.28779196739197 0 0
98.05630351880588 97.67774939537048 0 0
43
1.158321538336909 0.1285908576271062 0 0
5.380890375466782 1.895959328819338 0 0
11.52845129314568 11.65157134760943 0 0
15.956964000752 14.06065466453966 0 0
20.36445569680663 19.71270141802777 0 0
21.11324091574816 20.65512552748374 0 0
21.6107964515686 21.15329069599596 0 0
23.55794797865158 22.71376848220825 0 0
24.47258830070496 24.12332314067559 0 0
25.50215721130371 25.18248558044434 0 0
28.17560260719857 26.70557498931885 0 0
34.13531993239944 28.22308645450027 0 0
34.72946672156382 34.57176554573073 0 0
36.32417615387145 34.78864089719531 0 0
36.49549067326983 36.38712520191268 0 0
37.20398662873811 36.9428636247306 0 0
38.12044446195142 37.2962697331629 0 0
39.78046654455403 38.29925745188105 0 0
40.44655924569331 39.80829893554823 0 0
41.68652918799148 41.55916101386456 0 0
45.07572374785715 44.10842061042786 0 0
45.66649358038271 45.22866010665894 0 0
46.90133929252625 46.83436984631051 0 0
49.96287806062168 49.73452339322345 0 0
50.64361806704746 50.05043903350028 0 0
52.39569158183345 51.573646068573 0 0
56.0080727080008 54.93593120717082 0 0
60.60583742910476 60.03945747998502 0 0
61.52109062157373 60.62711341370074 0 0
62.17801294225658 61.76778509525381 0 0
62.62545078515449 62.4019490847877 0 0
66.61884214491157 66.46966604318047 0 0
66.66326251733409 66.64472818374634 0 0
68.88802647590637 66.7896032333374 0 0
71.30805850028992 69.91204803652796 0 0
76.70112134511056 71.84252738952637 0 0
83.00958161727519 76.88478827476501 0 0
85.11686325073242 83.61225129132957 0 0
87.46606215875921 86.44365096069767 0 0
88.5068795749028 87.46619491513295 0 0
93.99108285500058 88.5230715197676 0 0
94.68774100366772 94.1815507227986 0 0
95.52560276842262 95.22346855942625 0 0
31
3.523798146055871 4.85759749208389 0 0
5.557604028824942 5.653418556821682 0 0
6.784789698695 6.960570812225342 0 0
8.497982450132824 8.526194095611572 0 0
10.0284218788147 10.27849912643433 0 0
10.36432385444641 16.16969998526954 0 0
17.7390570243671 18.08117267174936 0 0
20.82908272350959 21.64439558982849 0 0
22.38377829555755 22.53097654954711 0 0
25.50621628761292 27.33129262924194 0 0
28.48014574982683 28.64070994256731 0 0
29.17774293678631 35.23011692493139 0 0
37.24088449873045 37.30786442756653 0 0
38.10381468338547 39.37746198465817 0 0
39.72760849556137 41.85074100001106 0 0
43.48003097467021 43.85128413864905 0 0
44.29951430087392 44.67287201440333 0 0
44.98252345958655 45.50001599683217 0 0
45.98976376966704 47.25476842793167 0 0
47.66039171607652 47.89915555485064 0 0
49.37889942142343 51.94721803448601 0 0
54.39099669456482 54.66342838773877 0 0
59.34046261555729 62.80701322323168 0 0
65.71362273289085 66.50869250297546 0 0
68.06840283012365 67.87483029261878 0 0
69.66878241321315 69.80183124542236 0 0
72.22222150699402 80.08108735084534 0 0
80.94390630722046 85.87776864878357 0 0
87.36359924699605 87.40612339664881 0 0
87.63723505683032 92.12888479232788 0 0
92.16196578919268 94.62655105708727 0 0
43
0.5560159683227539 1.321810483932495 0 0
2.957453539552013 4.162465932985823 0 0
5.120735893861905 7.038372755050659 0 0
7.510626316070557 7.952700685072925 0 0
8.815321153872373 9.663365511573829 0 0
13.72120445691064 13.79877328872681 0 0
15.28754655088074 15.47503141124722 0 0
18.48442868801169 18.84003781220915 0 0
18.91447499905065 19.21907538287934 0 0
19.19685006141663 20.1150119304657 0 0
20.95090836678877 21.33107723799463 0 0
21.5667633276375 22.66820073127747 0 0
22.89199829101562 24.97959733009338 0 0
25.61683761097071 29.4477908749962 0 0
29.68177686468126 29.90899564101064 0 0
30.60122809577613 30.69011019838128 0 0
31.23435540059205 32.902991771698 0 0
34.43349804837101 38.59089253122029 0 0
38.78638852382421 40.2317636375457 0 0
40.23677161379524 40.23854283858746 0 0
40.86488724262598 40.9641634495539 0 0
41.94145627604193 42.28838086128235 0 0
45.28812766075134 45.44390242234613 0 0
45.87217406972783 46.17908938373207 0 0
46.97981000600884 47.05773591995239 0 0
47.77177106202366 48.21917197335271 0 0
48.3721036294988 48.77397861862414 0 0
50.26483535766602 50.7925808429718 0 0
52.38888560417159 52.58528348755935 0 0
53.62075350688557 53.69843718943544 0 0
54.21327477648677 56.03193511092418 0 0
58.88205311824645 59.05148983001709 0 0
62.16359476047442 62.21394031617743 0 0
66.27214858138743 68.08881163597107 0 0
68.55679889503286 71.97989249367852 0 0
74.0862250328064 74.20164226579286 0 0
77.89939694850028 77.9033588246655 0 0
78.14026163065547 78.17021608352661 0 0
81.0764137936324 83.08688115636912 0 0
88.32090652916048 88.40123308088714 0 0
89.59607286963451 93.65852766650059 0 0
94.98049340348115 96.63022414540522 0 0
99.59951747517128 99.94369149208069 0 0
30
4.220767587947356 4.291868209838867 0 0
10.06852984428406 10.23703120541293 0 0
10.65189939819697 10.71679116651794 0 0
14.30952469035335 16.46406950859927 0 0
19.75574613569691 20.05111745199401 0 0
20.90133696016275 20.9430195301585 0 0
22.5082308715378 23.27703064042814 0 0
25.74764375414515 25.7924014052854 0 0
26.66826248168945 26.73333883285522 0 0
36.5708589553833 36.72753572463989 0 0
37.91030645370483 37.91536688804626 0 0
44.2304125766719 44.2678375034847 0 0
46.77747488021851 47.50051764444162 0 0
48.08325938174645 48.16250875116653 0 0
49.72834151200581 49.74570598460275 0 0
52.78141498565674 52.92497277259827 0 0
54.9011766910553 55.1495373249054 0 0
56.49179599301419 56.50914148334181 0 0
60.47579050064087 62.17553615570068 0 0
63.8270378112793 64.16024118056644 0 0
67.09486771827565 67.29710854490968 0 0
68.69387626647949 68.79003643989563 0 0
72.7477948469727 72.74907235290701 0 0
75.49182082623304 75.78467726707458 0 0
81.25869035720825 81.53118491172791 0 0
83.945232629776 85.29899120330811 0 0
85.25699973106384 85.75661026494465 0 0
96.53105253772232 96.57383091785712 0 0
97.47040016040296 98.48033891114081 0 0
99.65523505394985 99.69944357872009 0 0
34
0.3574079909075891 0.5426672137631487 0 0
1.667856585935554 2.436923980712891 0 0
2.744414788174826 2.987664937973022 0 0
6.115680932998657 6.154699491224838 0 0
7.136392593383789 7.536673545837402 0 0
11.35417819023132 11.85284995115126 0 0
14.28067684173584 14.06337022781372 0 0
15.05385008818472 15.1576047142072 0 0
17.36509799957275 18.00926923751831 0 0
27.59875059127808 27.93207764625549 0 0
29.53209625363371 29.70267083248504 0 0
30.91034196932274 30.93174122681817 0 0
31.16950884003113 31.23362470870295 0 0
31.9297194480896 31.99626803398132 0 0
40.66976203146638 40.96833786061005 0 0
43.99366520298076 44.20669674873352 0 0
44.5665780120534 44.71182796123453 0 0
44.95673938585092 45.05637288093567 0 0
56.6689642651982 57.09727601146267 0 0
57.53553037214889 57.53606557846069 0 0
59.91377122088188 60.02453085156681 0 0
62.07736688922078 62.30743305775903 0 0
66.59242517252214 68.63863468170166 0 0
69.14282860846725 69.45638079476595 0 0
71.23441696166992 74.12902992070681 0 0
79.69683533160048 79.8163087383151 0 0
80.14742456015091 80.96187710762024 0 0
81.09546814828843 81.68140079582579 0 0
85.20973039136241 85.28061509132385 0 0
85.77635817395797 86.41738295555115 0 0
92.1655193076575 92.23791632241274 0 0
95.14393320275725 95.14536985163257 0 0
95.55619689680032 95.77782597755376 0 0
95.81760669742853 98.10273250997675 0 0
