# Status file for ctqmc. Used to save all times t_s, t_e.
8
7
5.308240652084351 5.286681652069092 0 0
55.10978943345251 55.14844655990601 0 0
56.29422664642334 56.52140378952026 0 0
76.59554481506348 76.7677903175354 0 0
79.71314787864685 79.55378293991089 0 0
86.94990277290344 87.1390700340271 0 0
94.02376413345337 93.74508261680603 0 0
3
0.8802533149719238 0.9076306030110004 0 0
8.925491571426392 8.738148212432861 0 0
65.35800239326974 65.36378531692154 0 0
39
3.322464227676392 2.234890189350835 0 0
4.347403041286668 3.760409355163574 0 0
5.271852016448975 5.24918483566096 0 0
7.007107274880653 5.711337736826394 0 0
7.815259695053101 7.09080777653629 0 0
8.582161428872746 7.982548239750287 0 0
12.63677510236534 9.453892441522616 0 0
13.57320688583854 12.81113391521416 0 0
15.5605730409857 14.67998623847961 0 0
18.82646118704767 16.42151170557725 0 0
20.72896957397461 19.93447542190552 0 0
23.50180598630394 21.95488214492798 0 0
31.33421540260315 29.51913475990295 0 0
31.52907490730286 31.44419668268905 0 0
34.91892128466443 33.64862668752282 0 0
36.36685609817505 36.41301989555359 0 0
39.84243494774294 39.38306645495818 0 0
40.05657323939715 39.94436860084534 0 0
44.55064535140991 44.45041335202689 0 0
46.42558476900298 44.71643567085266 0 0
49.9455988407135 49.76965825301107 0 0
52.54439050569416 50.23157000541687 0 0
53.17393375325778 53.01173291527074 0 0
54.40680261462204 54.40379897636886 0 0
56.89764266605457 54.56379742712162 0 0
60.83044048197468 60.77400545577585 0 0
62.58121132850647 60.94633623439547 0 0
62.66447307919454 62.65487461754473 0 0
68.35253075443667 65.63793420791626 0 0
69.4251850703149 69.55752803458459 0 0
71.3329857704644 70.6207811832428 0 0
75.25777482104888 73.66403092420626 0 0
76.42338275909424 75.78440308570862 0 0
80.54253591955657 80.28326371035421 0 0
80.66339916830205 80.5444174220479 0 0
89.03765498015208 80.83966132062496 0 0
90.14483299024666 87.81089077063355 0 0
90.25503672855366 90.1641608444141 0 0
99.76615630545366 99.18904304504395 0 0
40
1.929010070040183 2.045482397079468 0 0
2.393186092376709 3.183070206358913 0 0
6.899883752732811 7.383414595034719 0 0
8.25550718108892 10.7432728714437 0 0
11.01715331336615 11.17326384679736 0 0
11.21227735342102 11.24175235896284 0 0
22.1860909829058 23.05502008117719 0 0
26.41235589981079 27.74190600182693 0 0
30.89697948319996 31.55237295104881 0 0
31.90592527389526 32.06207156181335 0 0
33.295462554441 36.45188540073907 0 0
36.39856576919556 37.37871646881104 0 0
37.79979944229126 38.4918212890625 0 0
39.37926192819749 40.2211161343607 0 0
41.34676891442117 41.50440807024864 0 0
43.965784328989 44.44089257619355 0 0
45.54206600518138 46.08075022697449 0 0
49.56423540439045 51.74562931060791 0 0
51.81037337329197 52.49753407875551 0 0
53.48734855651855 53.5745414882223 0 0
54.16851043701172 54.29902076721191 0 0
54.83568906784058 56.4998984336853 0 0
58.54985548127871 58.754348579661 0 0
60.11994227912081 62.68692197551271 0 0
63.56332958629479 64.08276742495826 0 0
64.12233047581392 64.74524727974203 0 0
66.54172182578867 66.61996821238039 0 0
67.22421696254001 69.05312947735226 0 0
69.29245334746763 69.52390043225191 0 0
69.96896753821417 72.11331277967435 0 0
73.04418948868174 73.19851306142615 0 0
73.23831915855408 75.76664751231766 0 0
80.73798161897631 80.8268315302938 0 0
81.04735181889674 89.2062378638272 0 0
88.27275037765503 89.33299978832486 0 0
89.32413239537071 90.51144727948024 0 0
94.96915998455783 95.83965226219763 0 0
96.50465865602852 96.65495157241821 0 0
96.78430384095057 96.91150335499177 0 0
97.38370272522323 97.52220114479454 0 0
42
1.229286193847656 1.183407185594507 0 0
3.526294231414795 1.513069868087769 0 0
5.603238472849625 4.558724186992757 0 0
8.624124526977539 8.06998917826246 0 0
9.005229667832992 8.655840158462524 0 0
10.74190341351497 9.274077415466309 0 0
13.89349879001013 13.35201324469439 0 0
15.13197788214038 15.06714779343917 0 0
16.25137020888814 15.13532707335801 0 0
18.20229221418961 17.23687648773193 0 0
21.90888571631046 21.35193469957123 0 0
25.05630721228528 22.05487166439146 0 0
25.42756000736518 25.18155325426603 0 0
25.64634821432428 25.44181282256075 0 0
32.41091312265142 31.32282884568716 0 0
37.00280785560608 33.56400056319639 0 0
38.72943520545959 37.1063232421875 0 0
41.22970925587571 40.83107559945022 0 0
41.90090113569708 41.25115178826918 0 0
42.18284487724304 41.96811598033487 0 0
44.83601630452441 42.38366128687623 0 0
48.94291456067634 48.93767656961359 0 0
49.16191101074219 48.96604944647729 0 0
52.0580492115569 49.28239399788922 0 0
53.15037178070691 52.29804772637195 0 0
54.82684841082958 53.71328873539476 0 0
57.14641057160681 54.92394028740214 0 0
58.09710422426969 57.43554846072895 0 0
58.3073616027832 58.15833210945129 0 0
61.8538498878479 58.93442689294375 0 0
67.7970364639439 63.50446939468384 0 0
68.83563047531965 68.29597391732531 0 0
72.07231182648047 69.1719442893198 0 0
74.3586606262074 73.13169268900776 0 0
77.15857028961182 74.41809522974098 0 0
78.33268981693695 78.17456126213074 0 0
81.59416981608253 78.65166550618531 0 0
83.42005492315619 81.84115869234452 0 0
89.86073732376099 89.47126865386963 0 0
94.05343960099624 90.8493894691274 0 0
94.63790493212302 94.08539304971815 0 0
98.25345873832703 94.65256809938603 0 0
33
2.699216872071501 0.009614229202270508 0 0
3.758970203818091 3.438544659259384 0 0
4.98110603424289 4.050455285335275 0 0
10.0477384101959 8.832810427436684 0 0
12.04686357117737 10.83817916001405 0 0
14.03368264503996 12.44621872901917 0 0
21.38625128814332 20.26914827905399 0 0
22.68062531073025 22.42919052951464 0 0
23.14786345818462 22.81623767198145 0 0
24.6551513671875 24.00613843600602 0 0
27.10297703742981 24.66840290230177 0 0
31.39910697937012 28.01912426948547 0 0
37.80364838720211 31.79330229759216 0 0
39.69171376878416 37.84789443016052 0 0
44.28343694422313 39.85615299145758 0 0
45.61138143729964 45.54423728370108 0 0
46.84045910835266 46.19473060365556 0 0
48.54176532334357 46.98887467384338 0 0
50.44327578935766 49.9068860683226 0 0
51.39891936919272 50.9561451245918 0 0
51.95387398550516 51.7533671341733 0 0
54.90930676460266 52.31262791681466 0 0
55.37189002875493 54.96509108545817 0 0
65.45035839080811 55.39189398023505 0 0
66.88307655047367 65.86583982214428 0 0
67.45450496673584 66.91908229897349 0 0
75.37145503907188 67.93923920853581 0 0
81.08296197198315 76.45301908838542 0 0
82.2161244695765 81.39107823371887 0 0
83.04453492164612 83.04266466668803 0 0
93.01720382816484 83.04991498542061 0 0
94.02176406686438 93.61970670037356 0 0
99.97036047715385 94.17212868653317 0 0
39
10.82930827219712 10.98027613574004 0 0
11.76238356727811 12.02734348288863 0 0
13.12599306833934 13.21225762639447 0 0
15.70445364931334 16.15469624448975 0 0
16.9625997543335 17.83598891182998 0 0
23.11775684356689 23.18267854926252 0 0
24.18128831191342 24.48049721504675 0 0
24.86052591666521 25.37603247035155 0 0
25.40879249572754 25.65968036651611 0 0
30.73503375053406 30.76892234476836 0 0
33.10884530795732 33.16272050458042 0 0
37.66629430956902 37.69968992867321 0 0
38.03099246008269 39.01236866315401 0 0
40.46299275059194 41.07808470726013 0 0
42.26856705487742 42.71553325764733 0 0
44.61006855242431 45.01407743392827 0 0
47.54701852798462 47.5833497790906 0 0
49.65147376060486 49.8085947183561 0 0
52.34414339065552 52.47018075730976 0 0
53.151935338974 54.68849539756775 0 0
58.67560338916372 58.67914217604638 0 0
59.57796736745917 59.66519660297816 0 0
61.53334133025857 61.8323584964239 0 0
64.23647403717041 64.3305242061615 0 0
64.61548209190369 66.3240373134613 0 0
72.96802740252328 72.98189401626587 0 0
73.71893114857036 73.90870451927185 0 0
74.74855780601501 75.01265406608582 0 0
78.9278944973447 79.02708468320705 0 0
79.19272642615535 79.68780389794301 0 0
80.07123737581891 80.3514578992028 0 0
82.05995113185338 82.15453624725342 0 0
88.32488656044006 88.34723234176636 0 0
88.62692413950128 88.72752501814176 0 0
91.02462530136108 91.47341251373291 0 0
91.55002753979176 92.08751751553065 0 0
92.98917055130005 93.41695993248278 0 0
97.50565366342963 97.58285051522097 0 0
98.49407628705492 98.58859389749541 0 0
31
1.208478796137058 1.364421844482422 0 0
5.275726318359375 5.302804708480835 0 0
9.668278694152832 9.888291358947754 0 0
15.18788933753967 15.49674868583679 0 0
17.49158501625061 17.59037067149348 0 0
22.18939464371404 22.29093215726449 0 0
23.1826557872103 23.19588006369183 0 0
29.04258370399475 30.07826209068298 0 0
31.53753658830666 31.67953480040578 0 0
34.70739604028132 34.71070894424754 0 0
39.82603868657307 39.88980650901794 0 0
48.45936098555702 48.80957249645417 0 0
51.95643364210147 52.39781824548839 0 0
55.47634385252635 56.4167320728302 0 0
59.5364511013031 59.61527687295621 0 0
59.82914545345812 59.96485596632765 0 0
66.27290180440815 66.33337938802401 0 0
67.21345782279968 67.41763353347778 0 0
67.61136697405115 67.62607097317182 0 0
69.36471806258317 69.41898465156555 0 0
80.40680885314941 80.44205194571799 0 0
80.99902003490359 81.07492327690125 0 0
84.22352296684085 84.35830939901065 0 0
85.87795495986938 86.06954370431259 0 0
87.16603517532349 87.23639417631057 0 0
87.46998906135559 87.53652572631836 0 0
92.92313870502227 93.00202221764931 0 0
94.83420862394327 94.85038672562929 0 0
95.82072268946321 96.01301550865173 0 0
96.42507026310713 96.81407033502012 0 0
96.86119556427002 96.91980481147766 0 0
