# Status file for ctqmc. Used to save all times t_s, t_e.
8
4
6.596016883850098 6.66925311088562 0 0
26.68002247810364 26.77032351493835 0 0
77.5010347366333 77.87942886352539 0 0
97.87825345993042 98.000568151474 0 0
7
0.6958842277526855 26.50017735508654 0 0
26.40633848913296 26.94429755210876 0 0
26.88446044921875 28.16672921180725 0 0
27.85770893096924 45.52311301231384 0 0
45.26082873344421 63.66743445396423 0 0
63.59508633613586 68.04368495941162 0 0
67.83876878104707 99.76128935813904 0 0
38
2.650022506713867 2.622604650462179 0 0
2.967840778387298 2.926722512017434 0 0
11.72177149368715 11.08293112673097 0 0
13.87904902045811 13.78760210200838 0 0
14.24738764762878 14.00386691093445 0 0
16.91851615905762 16.17755598992968 0 0
23.04194871006791 18.42165774283451 0 0
24.97524619102478 24.77127909660339 0 0
27.07938551902771 26.50614976882935 0 0
28.94948654832788 28.29161061878949 0 0
29.61605191230774 29.04981029314427 0 0
30.59310831241444 30.31749725341797 0 0
30.81047449688405 30.64936995506287 0 0
31.76453113555908 30.89443172297059 0 0
34.87010653615257 32.00469017028809 0 0
36.36551915771521 35.99796826357759 0 0
40.43651129429865 40.72218494996859 0 0
43.58816146850586 43.54720711708069 0 0
49.72380367649847 49.52490726083626 0 0
49.81384873390198 49.77007508277893 0 0
51.78830623626709 50.11640191078186 0 0
52.53061652183533 52.05319903730614 0 0
53.56285572052002 52.85535483271875 0 0
57.79274566633396 54.77088674678139 0 0
59.07554987162334 57.88323464361486 0 0
60.20531513377426 59.11305546760559 0 0
62.14403510093689 60.55667913666754 0 0
66.54282459368827 62.15840817045562 0 0
68.94752979278564 68.14082264900208 0 0
71.09687554867392 69.01007294654846 0 0
75.2076897817597 71.12167407531072 0 0
78.65811444391355 75.31408015670013 0 0
82.24548697471619 78.74138355255127 0 0
83.28391302653843 82.30705269944605 0 0
89.24896121025085 84.15599840233006 0 0
90.16932342671406 89.28313255310059 0 0
94.99671902224125 94.73421671814073 0 0
98.29786832982751 95.32248377799988 0 0
39
0.5303425881253734 1.172816330711667 0 0
2.003270387649536 2.137613296508789 0 0
3.24663519859314 3.980727542162189 0 0
6.225114106814506 7.023685799929202 0 0
7.42943082040942 9.502673458902294 0 0
10.46469279792242 10.49504280090332 0 0
11.71084536082001 12.82567381858826 0 0
14.34719562530518 14.35772012543985 0 0
18.21606702161013 18.32575798034668 0 0
18.5689416218043 23.2401916637654 0 0
23.17391737326848 23.82057538523306 0 0
23.86521870662293 26.71940227390494 0 0
27.36195690669803 27.43618488311768 0 0
27.80211384904762 27.94231772422791 0 0
28.5344123840332 31.28607369349723 0 0
31.74744684311167 31.81525923859679 0 0
32.27614002362704 32.53343036863863 0 0
34.35015493943171 34.761899994467 0 0
35.326913114067 35.44434042457104 0 0
37.67922006079423 37.73610662908835 0 0
38.3469240571937 38.48277517697901 0 0
44.21616644076256 46.32200598716736 0 0
48.14746732703401 48.52789935271735 0 0
50.2489413099176 50.96317476685979 0 0
55.6580307917084 55.87865040281239 0 0
56.18981099202531 56.30257129669189 0 0
59.08482670783997 59.81231927871704 0 0
63.8828748810594 64.05550255921322 0 0
65.1506862626369 65.43237510945801 0 0
65.47671600997396 65.47697186470032 0 0
70.11809381159779 84.33188325911642 0 0
84.45021510124207 85.69615725709761 0 0
87.32959032058716 89.31055708229826 0 0
92.76641726054054 93.85671196802586 0 0
94.63214494522094 94.68662844332272 0 0
95.16700512928153 95.18825254514874 0 0
95.80231308937073 97.19166133796253 0 0
97.48205921219726 97.49203408180801 0 0
97.86273869985844 98.55213228909773 0 0
44
2.639297006172617 0.3144988108281029 0 0
4.05585765838623 2.951973332592636 0 0
5.155909436524553 4.533012550058757 0 0
8.072561548566172 6.589072942733765 0 0
8.366584777832031 8.097589015960693 0 0
10.37538051605225 8.776921033859253 0 0
13.82444500923157 11.65034628748529 0 0
16.27380099215057 16.15257263183594 0 0
17.81713366508484 17.46693849563599 0 0
21.60709483222097 19.41064981924434 0 0
24.955542322048 21.61549925804138 0 0
26.20519753695936 24.97553899920711 0 0
29.02626657335852 26.26589138336173 0 0
30.46533465385437 29.10454851935935 0 0
31.34519825153105 30.49162258227602 0 0
31.63352298368829 31.5685366025361 0 0
32.89562470424769 31.7409127793736 0 0
33.60098600387573 33.56452002025136 0 0
34.92283942224187 34.24637637266844 0 0
46.64421854306836 36.27319018496755 0 0
48.01430106163025 46.81801199913025 0 0
53.61110929065055 52.59910225868225 0 0
55.03371357917786 54.51259016990662 0 0
63.16158434639725 60.0912862788084 0 0
65.99946618080139 65.30033875082715 0 0
68.09881329536438 66.63166460154855 0 0
71.82993698203127 70.40630578994751 0 0
75.31269158573511 71.96360979698777 0 0
75.56034445039845 75.40518776357915 0 0
76.2360382590865 75.5981794144781 0 0
76.72384636872859 76.28526988631646 0 0
77.61978585396652 76.77920321694387 0 0
81.06648581477626 77.62073264344062 0 0
81.82494044303894 81.33503545205213 0 0
86.10615730285645 81.88788890838623 0 0
88.61996044967543 88.30037713050842 0 0
90.49704613865491 88.70692243625081 0 0
91.51158948498293 91.21826423397484 0 0
92.39614009857178 92.30936887901035 0 0
92.66603479942148 92.39621725939276 0 0
93.76268061757878 92.83434409627924 0 0
98.56982231140137 94.02957558631897 0 0
99.04811382293701 98.66898838468774 0 0
99.70887761688283 99.68836891627005 0 0
41
1.883954253145687 2.333657877616052 0 0
3.277975640647283 3.410428762435913 0 0
11.3589978612248 11.84862388355139 0 0
13.90382154203247 13.94079327583313 0 0
14.11733688803746 14.12336200315314 0 0
14.85085379999854 14.87066509207732 0 0
17.2199547290802 17.24443435668945 0 0
22.52412549595881 22.88968176821004 0 0
26.01590156555176 26.02803950722696 0 0
28.49266793954634 29.57844138145447 0 0
31.59876016070839 31.65374988091398 0 0
33.93436971448666 34.56048124651389 0 0
36.71951448193761 38.161039725705 0 0
38.08446974861933 43.11591386795044 0 0
43.26100099179473 43.66054263093979 0 0
47.06777930259705 47.35105037689209 0 0
47.42489454360113 47.50270843505859 0 0
50.86537599563599 50.875988994216 0 0
50.88071227073669 52.81585773801939 0 0
53.04798352155864 53.75323295593262 0 0
54.52381619199824 58.47334240638702 0 0
58.64880084991455 58.66789587714588 0 0
59.86880428671102 60.47027297606355 0 0
60.69518233589989 61.07698615918611 0 0
61.96249586324191 62.95483708381653 0 0
63.69590759277344 63.69782422747919 0 0
65.7806114799473 65.84140214902411 0 0
69.07569169998169 69.36516165733337 0 0
70.0444311843512 70.05321231673128 0 0
70.29647827148438 70.3258752822876 0 0
70.40115180337993 74.59192137463901 0 0
74.81046826928713 75.08675711884895 0 0
75.50873303753198 78.11597377343283 0 0
78.07378060348374 79.78670203526325 0 0
79.70349788665771 80.59424757957458 0 0
80.78370690345764 82.13375806808472 0 0
84.08629372622131 84.70380742450607 0 0
84.90897990983783 85.00421047210693 0 0
86.08244657516479 87.07608923525288 0 0
94.69055289301899 96.63866001860613 0 0
96.73016667366028 96.98942303657532 0 0
37
0.426344490209662 0.4147171974182129 0 0
1.123134513775584 0.4940239817391512 0 0
3.538370132446289 1.523403895363556 0 0
5.739960152512485 3.62254191350862 0 0
7.803175209550162 5.902469158172607 0 0
8.859348297119141 8.036849778439608 0 0
11.63384318351746 9.088237305308306 0 0
22.35130324102155 12.9940011703661 0 0
24.1647100145024 22.43030492941358 0 0
26.74392556818621 24.2041289806366 0 0
29.73363105515485 27.45740147084106 0 0
31.5799664261349 30.05695734672347 0 0
32.65443949767126 31.91340542545985 0 0
33.83863956268247 33.66766571998596 0 0
35.53962283659801 34.13888998900389 0 0
40.94581218613304 36.00078225135803 0 0
46.30621143214469 40.94699621200562 0 0
47.39385252777663 46.71520161362454 0 0
47.74577165281354 47.40583368673226 0 0
49.24091421063374 47.81919944107394 0 0
56.04807138442993 49.51694347631717 0 0
61.78356247539796 56.33932948112488 0 0
62.80156970024109 61.99102030740846 0 0
64.20285105705261 63.16011528044505 0 0
66.6997071966827 64.22228514210509 0 0
69.6197039556175 66.91986479482591 0 0
70.0342965312325 69.86182494489412 0 0
73.04382794566229 70.06347179412842 0 0
76.35014304263358 73.14588604091878 0 0
82.51903135803586 76.38043165206909 0 0
84.64422225952148 83.76697301864624 0 0
85.01523008109118 84.96858477592468 0 0
85.10884642601013 85.04229267188369 0 0
86.43977712297328 85.16704651201285 0 0
89.23959136009216 86.73465082218377 0 0
96.51259238149082 90.11558617852442 0 0
99.4172810530639 96.55192230282969 0 0
38
1.754742860794067 2.990077219817307 0 0
6.610160514395076 6.820585724434556 0 0
9.162777662277222 9.31651601932586 0 0
10.59970062342188 11.00880537031638 0 0
11.65116586540041 11.72940943537224 0 0
11.92180514335632 12.14931011199951 0 0
15.8166299746803 15.94284772872925 0 0
17.9273247718811 18.46842765808105 0 0
18.97270083427429 22.3205535392438 0 0
25.21873712539673 25.32811760902405 0 0
26.17218494415283 26.3633131980896 0 0
26.5752938930784 26.65332277795757 0 0
28.07385060833375 28.23230571611272 0 0
29.18442487716675 29.38095927238464 0 0
30.04190325737 31.81933241130785 0 0
31.9538950920105 32.77816772460938 0 0
44.34486945826827 44.46143477064339 0 0
44.87513830589603 45.02324461936951 0 0
52.89627835891525 53.22974521182927 0 0
56.06123805046082 56.35166764259338 0 0
58.44390988349915 58.46952716736064 0 0
59.28056088703298 59.53288739588126 0 0
59.83611559262742 60.12752173469334 0 0
60.76703667640686 61.87036833391231 0 0
62.0912567300909 62.57596879811425 0 0
63.83452415466309 65.43531239845991 0 0
66.49717092514038 67.02535152435303 0 0
69.01431679725647 69.33723648123085 0 0
70.16448974609375 70.68656086921692 0 0
70.81498754959125 70.86362752755991 0 0
74.7122098002077 74.75457894125087 0 0
78.28767906221005 78.84085057203711 0 0
79.94860586838792 80.07176904929635 0 0
82.02347755432129 82.26898908615112 0 0
85.86166010335621 85.89175279913249 0 0
91.74756407737732 92.38139986991882 0 0
97.80693305388766 98.08950963886974 0 0
98.77378940582275 98.94453287124634 0 0
