# Status file for ctqmc. Used to save all times t_s, t_e.
8
4
12.02629804611206 12.04435799711323 0 0
16.20619664831331 16.21028846384614 0 0
16.96953177452087 17.04974174499512 0 0
48.76681268871295 47.93694788223575 0 0
5
1.729673147201538 1.755666732788086 0 0
4.00041937828064 4.069334268569946 0 0
39.73342180252075 39.82822895050049 0 0
82.42559158509657 82.45360255241394 0 0
97.86421656608582 97.66533374786377 0 0
44
3.326863050460815 3.552074856933288 0 0
5.188328829390898 5.659497117602541 0 0
6.583302447157151 6.602764129638672 0 0
7.1491539478302 7.605564594268799 0 0
9.02564525604248 9.612236885525295 0 0
10.12336296433843 10.17729388932254 0 0
11.64956092834473 12.31081485748291 0 0
12.42570567187222 12.7066350711183 0 0
13.14869523048401 13.50963156269032 0 0
17.41446256637573 17.85435282841786 0 0
19.39788470560226 19.4587930453892 0 0
20.64768992871685 21.14115939396968 0 0
23.00666693375007 23.66589903831482 0 0
25.61303555230348 32.48971024225027 0 0
32.73756164124223 33.16745162010193 0 0
37.06603050231934 37.81329350806821 0 0
38.85273337364197 38.86765837669373 0 0
40.83971977233887 40.99735617637634 0 0
44.72020864486694 45.38169503211975 0 0
46.36305304116912 46.63227426212077 0 0
47.0530169730583 47.11256877784373 0 0
47.2938324097309 47.41300499934445 0 0
48.74743617176985 49.06034154801869 0 0
52.25340025801567 53.29754402760466 0 0
53.48140091939011 53.54268410543558 0 0
54.95701315278212 55.02028699854937 0 0
55.44766418700092 55.84969328406268 0 0
58.48612970115308 59.19504761695862 0 0
59.77978430324438 60.01984477043152 0 0
60.87530811638151 61.37621998786926 0 0
65.97591638565063 66.95991158485413 0 0
67.8468644618988 68.28378264322103 0 0
69.665117260754 71.7879492551945 0 0
74.21140679612341 74.86672291139702 0 0
77.20030823985678 84.02380132978361 0 0
85.67960538536326 85.84860051291543 0 0
86.45684273147096 86.62794230539009 0 0
88.07996188916751 88.49610824234715 0 0
89.36120344904069 89.95504378465556 0 0
93.27951676976863 93.62025076172009 0 0
94.10569182311552 94.16687488555908 0 0
95.24932209175972 96.6472953501686 0 0
96.70305252075195 97.03065156936646 0 0
97.58580870693905 99.58400818115933 0 0
37
3.748212469337367 4.042518692146047 0 0
5.003287901369641 5.554366111755371 0 0
6.621341157387574 6.952892257199039 0 0
7.329678535461426 7.630366086959839 0 0
11.05556203678552 11.38971813329428 0 0
13.59255736513333 14.29050915488082 0 0
17.93040037155151 18.15863847732544 0 0
19.5334671137438 21.58375382423401 0 0
23.28690584856099 29.15800213813782 0 0
29.41937672270419 30.76862259247634 0 0
32.1130096912384 32.58950327064588 0 0
33.884596824646 35.42696237564087 0 0
38.6273229619128 39.25780143799283 0 0
44.25594914475197 44.38012720041904 0 0
47.41468624172559 48.86335189610799 0 0
49.42010045051575 49.50877928094469 0 0
49.61781863350225 49.65451477548736 0 0
50.10628772865509 50.38539840312495 0 0
51.57586520366889 51.74506131204972 0 0
52.18877903407446 52.30086855464808 0 0
54.61802885590911 56.74269199371338 0 0
56.59865810655336 58.19241343983279 0 0
64.40318965461061 64.49229932168488 0 0
64.60659888258127 64.63469396775346 0 0
66.13778293480964 66.41453538425252 0 0
66.49014098419029 66.82546417042686 0 0
67.26500490203286 67.64935386408985 0 0
67.68542914058132 68.42709846721519 0 0
72.66910344500496 78.25555840578674 0 0
82.22721909223608 85.14392412940381 0 0
86.15811259334563 86.19315142067892 0 0
87.62970740034628 87.8658199809966 0 0
88.34609116181804 88.38098376296247 0 0
89.27385320470148 89.28053912803928 0 0
91.50706244227965 91.56885419087487 0 0
94.07546619671662 96.09331889397899 0 0
96.8038988407077 97.96443581581116 0 0
44
0.3011345863342285 0.7646678661531894 0 0
4.177736537262949 3.480784927807458 0 0
12.28394952790486 11.47940581560663 0 0
14.54202781644964 12.32909823987443 0 0
17.73635828025468 17.58772443110754 0 0
18.06247234344482 17.99560462431732 0 0
20.80528140068054 18.72476045805031 0 0
22.84336119583502 21.3613748550415 0 0
24.67217374319801 22.89086862174339 0 0
25.20885541201246 24.7533634557303 0 0
29.4041712358206 26.01035833358765 0 0
31.38493398403225 29.91841435432434 0 0
34.53921773113206 31.74556005485338 0 0
36.13157970375929 34.54541950310633 0 0
36.40880186095515 36.1413258909801 0 0
37.01046214768673 36.72070788220185 0 0
37.13252544403076 37.11961206814966 0 0
37.69071444136358 37.35293962481305 0 0
38.80317445790548 38.684491676455 0 0
39.63046669960022 39.44413403719922 0 0
41.52831435203552 40.93059301376343 0 0
47.59480357170105 47.37828927787036 0 0
47.98322192458691 47.63253927230835 0 0
48.96038660140219 48.14138462229126 0 0
49.42991310990872 49.30498003959656 0 0
51.7768221213686 51.54563608249987 0 0
55.516117811203 54.49012517929077 0 0
56.17609428512256 56.33394093446231 0 0
58.00708532333374 57.36177947900742 0 0
59.07970666885376 58.32834839820862 0 0
61.3186901698572 59.27710705092257 0 0
61.98875508010432 61.37719216588058 0 0
63.88542207510367 62.79459136307324 0 0
72.23501801490784 66.18937253952026 0 0
73.60559175718322 73.30116033554077 0 0
75.76695555005847 74.02179447643717 0 0
78.6657452583313 75.89825636053581 0 0
79.18677740767696 78.74164532470822 0 0
79.3578165633067 79.3486708570972 0 0
83.63662624718361 80.61449631388319 0 0
85.20235773316043 83.8161289691925 0 0
90.26733040809631 88.48823014699229 0 0
95.2231228351593 92.47465239610767 0 0
98.17551374435425 95.33617057579735 0 0
37
1.041757799828742 1.084542274475098 0 0
5.6432878568633 4.985710203350449 0 0
8.13862684044599 6.325116932447532 0 0
9.454749316918255 9.00130135629235 0 0
12.29544902673746 10.03511843009122 0 0
14.77152705192566 14.69801029738462 0 0
15.16812089892144 15.15228748321533 0 0
20.90874314308167 20.68362906446606 0 0
23.5376900483549 21.09664082527161 0 0
24.08503890037537 23.90945775012024 0 0
26.46607160568237 25.52028052008021 0 0
30.73676824569702 27.52927541732788 0 0
31.75270184698533 31.23927334680972 0 0
32.22549557685852 32.10943219802911 0 0
34.5481459283737 33.54294300079346 0 0
35.09178386242456 34.90385868870253 0 0
38.59718441963196 36.91618272987647 0 0
41.02908473563502 38.95769715309143 0 0
42.86994338035583 42.70607829093933 0 0
45.18212007724967 42.99665093421936 0 0
50.44734187363369 49.93948208678609 0 0
53.06839942932129 52.15659737586975 0 0
58.40093325788587 53.42949628829956 0 0
59.62572715362575 59.22581839708982 0 0
65.20383958384741 65.21800461003173 0 0
69.81564121249804 70.12823441105557 0 0
70.73291079329329 70.8277702331543 0 0
75.86870789527893 73.53698015213013 0 0
77.41342993661354 77.06550745870118 0 0
78.78004908561707 77.65802771913677 0 0
81.01529679635 78.99585366249084 0 0
81.98318481445312 81.03232506030332 0 0
86.04910668442554 82.12414025264347 0 0
89.65373439895065 87.29292168563677 0 0
94.88217888179973 90.7217166310198 0 0
94.99943256378174 94.91955264884737 0 0
99.65861034844089 98.12241792678833 0 0
27
1.381348832191837 1.44728480335007 0 0
9.221968815680292 9.761251470619555 0 0
10.68301981698458 10.92023253440857 0 0
14.90744865456674 15.1327588866792 0 0
16.54388030366671 16.64111221442508 0 0
17.33701775456811 17.58567707710768 0 0
21.56552802833929 21.71376347541809 0 0
21.9022627607673 21.98560434977346 0 0
21.99306725991862 22.99553934387973 0 0
23.36713665863705 23.48380571590527 0 0
24.3664149111968 24.58851107321656 0 0
29.59965797231884 29.6585708758048 0 0
29.96171375176499 29.96380481400425 0 0
39.45342701108605 41.14129689057494 0 0
43.13807736088835 43.73763799667358 0 0
43.91061789257914 44.08406469188151 0 0
45.3037440776825 45.55395245552063 0 0
61.22166514396667 61.87593936920166 0 0
63.95941363856056 64.00309205055237 0 0
68.62073995867019 68.6704624920992 0 0
72.33520150184631 72.44625687599182 0 0
73.43555092811584 74.02554750442505 0 0
79.18781499753226 79.2453933586438 0 0
79.31850392378395 79.32039840019442 0 0
88.64145874977112 88.75256776809692 0 0
88.94494003072978 89.35639408858155 0 0
98.32926063045312 98.64823050102248 0 0
37
2.115267515182495 2.117397660290782 0 0
2.873766422271729 3.112079120823974 0 0
7.901430130004883 7.915902137756348 0 0
11.25308752113171 11.49341144096325 0 0
11.57755344060614 12.96925317322428 0 0
20.5888569355011 20.81598896524455 0 0
21.33896882438863 21.40417098999023 0 0
21.41805513610322 21.49531852012885 0 0
21.57521231526826 23.0976191187934 0 0
28.95569801330566 29.01720404624939 0 0
36.74405217170715 36.98244094848633 0 0
37.42734684307663 37.77374937485873 0 0
38.4646703502424 38.95294128190667 0 0
39.70471620559692 39.71541523933411 0 0
41.16563467063434 41.44630722108266 0 0
42.45211052930667 42.50150736016176 0 0
47.84175283267957 47.98111915588379 0 0
48.3843878001661 48.52937277820197 0 0
53.93073715745646 54.70862933915726 0 0
56.06266542372464 56.19866847991943 0 0
57.55481455670859 57.80363895792533 0 0
63.17185250356537 63.3608877658844 0 0
67.56991175666063 67.71754622459412 0 0
68.82474422454834 68.92188191413879 0 0
69.27716625169988 69.51004189864241 0 0
70.01981311667279 70.2579242408828 0 0
72.49892205817098 72.72695302963257 0 0
73.80223420168797 73.80618035365929 0 0
77.20300272194582 77.36374488051779 0 0
81.81374073028564 81.93424940109253 0 0
84.65489709653471 84.82325685852608 0 0
87.42626398925793 87.7610930291869 0 0
87.77027785235558 88.97672779939712 0 0
89.98488509248317 90.02979083536285 0 0
90.55386781692505 91.07595086097717 0 0
92.24499419254822 95.37595510482788 0 0
98.32273077175392 98.37709275668334 0 0
