# Status file for ctqmc. Used to save all times t_s, t_e.
8
5
3.655946254730225 3.429609537124634 0 0
53.58395131695989 53.03886627287753 0 0
56.52451157550335 56.84572418726032 0 0
58.01891684532166 57.92966886459066 0 0
62.2772216796875 62.36253976821899 0 0
6
1.979625225067139 1.967149972915649 0 0
69.02986497026276 69.03921843924392 0 0
79.06631827354431 77.93920636177063 0 0
82.88117117049329 82.90485739707947 0 0
86.01817488670349 86.38386830093943 0 0
86.84283494949341 87.12688684463501 0 0
41
0.2676725387573242 0.4275023937225342 0 0
4.104848861969332 6.979690181234327 0 0
10.43238130478189 10.45533383656401 0 0
11.35123372077942 12.47832179069519 0 0
13.23714852333069 13.57304453849792 0 0
15.03167748451233 15.1413224633027 0 0
20.20923029169666 21.31013289532264 0 0
21.62949872843217 21.93214987762664 0 0
21.9475121436317 22.031348129926 0 0
25.2281765845158 25.74744820594788 0 0
26.97579264640808 27.41912807365736 0 0
28.67605090141296 28.73508930206299 0 0
32.88819335501438 32.91890025138855 0 0
35.91353927564722 36.47682070732117 0 0
38.02819085451261 38.05350016607991 0 0
38.3140362529166 38.39218146536319 0 0
39.1005661026954 40.90308453994971 0 0
42.44726270422915 43.07714015441462 0 0
44.32439208030701 44.40183043479919 0 0
45.66366589117925 46.23492101654102 0 0
46.86940468759213 47.9552236847785 0 0
48.73839602862775 50.49582291764149 0 0
50.85027802275417 50.86454761584579 0 0
51.36544396142679 51.3985822842083 0 0
51.70024590635071 51.87837972520379 0 0
55.3845906537512 56.26083016395569 0 0
57.87352479103309 58.63279289821297 0 0
59.8650128328794 59.91879107417826 0 0
62.53704428672791 62.54882216453552 0 0
71.04612682717458 71.10770062687357 0 0
76.4088930580053 76.51785187957074 0 0
78.64269853744375 79.99390363693237 0 0
80.46942369587673 80.49985780462725 0 0
82.46813082609748 82.56957697073219 0 0
84.81532337866841 87.88395302223299 0 0
88.41046852128918 88.47351149668121 0 0
92.09752300308732 92.28009778500581 0 0
92.69640022775575 93.1205747926449 0 0
93.80754828453064 94.1175994025199 0 0
95.39907017390391 96.19992461178518 0 0
97.92417263684827 99.13318461599012 0 0
39
0.4368287168868248 0.4552255966993308 0 0
2.597913491459501 3.047039135818608 0 0
3.89406493824406 4.595422744750977 0 0
4.647723839614203 9.112804520361578 0 0
9.229343357773082 9.978996106879631 0 0
10.03199219703674 10.80551743507385 0 0
10.84425449371338 11.7744505405426 0 0
12.73783445358276 12.98151894802159 0 0
15.08377191621001 17.01910557350196 0 0
17.16542094154719 17.49505939330902 0 0
18.85860342469441 32.50193079689774 0 0
32.41470456123352 38.24491993345332 0 0
40.97711603639063 41.20064488815933 0 0
41.70239738705718 42.7911958100111 0 0
43.27817066071584 44.02605687208761 0 0
44.97698545455933 46.10372826905523 0 0
49.692526033748 49.96092835312935 0 0
51.13032423605318 51.17467357528257 0 0
52.33777761459351 55.36314942152035 0 0
56.32719543504868 56.96280780864372 0 0
60.16754118077092 60.67942976951599 0 0
61.0771119594574 61.18573546409607 0 0
62.71283626556396 62.75457739830017 0 0
64.02047205486774 63.92300671178646 0 0
64.26164507865906 64.03053998947144 0 0
71.05982468768462 71.13455801589144 0 0
73.4227180480957 73.335862159729 0 0
77.69234982957889 77.78436188138176 0 0
78.01872057325591 78.32120941169926 0 0
78.95671626334673 80.94192609222387 0 0
82.44369980071512 82.77557497977294 0 0
84.88771867690485 84.89848537213886 0 0
86.72078082535292 86.753021507255 0 0
89.94159419650272 89.95245959059865 0 0
91.97950752736729 92.25864162597244 0 0
92.47928656863502 93.64804625511169 0 0
94.64011979197379 94.77507247462623 0 0
95.60331307346787 99.22005697212751 0 0
99.32977543433283 99.64352474492637 0 0
33
10.07332801818848 2.439736043343288 0 0
12.9001869950006 10.08985042572021 0 0
13.68061900138855 13.63967826761225 0 0
15.58158993721008 13.94307388522438 0 0
16.91165439397882 15.86800813674927 0 0
20.61431565040428 20.42231543646334 0 0
22.89604558562366 21.04718669064399 0 0
26.45363211631775 23.67661731999142 0 0
28.82388747860603 27.07746624946594 0 0
32.33474493026733 32.77952584137596 0 0
34.73006895630333 33.85050932187671 0 0
36.35767991874038 35.75846405216705 0 0
38.44171812471507 36.71940444960572 0 0
39.56946761461592 39.52865608407376 0 0
45.09064166758368 39.72019377216947 0 0
47.92819023132324 45.12258866884044 0 0
52.07198211071893 48.53513539619244 0 0
55.63090578068611 52.22410559654236 0 0
59.71692206967226 56.00211183219734 0 0
63.39852809906006 63.88766765594482 0 0
65.76004028320312 65.81863352961935 0 0
69.05996203422546 70.18266199975255 0 0
70.45644394813948 70.50743540102502 0 0
76.64696502896633 76.32499666246051 0 0
77.78137125831903 76.70934210056195 0 0
82.62481396723302 79.50306954914298 0 0
83.19643697795564 82.63877268963974 0 0
85.03683553452106 85.03451943397522 0 0
90.71246231841386 89.16076930987877 0 0
93.12657279797725 91.14607572555542 0 0
94.81318399502574 93.16688842978667 0 0
96.16493527023395 94.86944412047156 0 0
98.94004183023431 97.68787026405334 0 0
30
1.114468707577963 0.3106910000432492 0 0
1.261230899442655 1.212095983813008 0 0
1.987594366073608 1.458925130618175 0 0
2.785813808441162 2.640080451965332 0 0
4.108023643493652 3.991926990417705 0 0
5.309975013647386 4.426424384049906 0 0
6.839825313939492 5.523735284805298 0 0
15.82426328716586 15.26429849515674 0 0
17.05127475291011 16.94747696876046 0 0
17.47198094837013 17.14148905619646 0 0
18.92239680488602 18.14969685166216 0 0
20.38728007378665 18.97004246711731 0 0
22.2901595705334 20.63896778066959 0 0
23.92815548747624 22.73957025478652 0 0
26.30830185664179 24.31166924411778 0 0
27.00431583051641 26.92528367042542 0 0
28.65698933601379 27.92282104492188 0 0
33.79561957180564 28.86186217440265 0 0
33.90183690211916 33.8637577919843 0 0
35.2509081363678 34.07143354415894 0 0
40.99850251478377 37.78899812019247 0 0
55.89792728424072 54.96678352355957 0 0
61.30546473129073 61.43251510463939 0 0
78.32833111330906 77.68566724464725 0 0
79.99735129273661 78.78136368789298 0 0
89.50527047058654 84.87738629359571 0 0
90.36281108856201 90.0413629589688 0 0
94.05180222942188 91.4669930934906 0 0
94.66815433672869 94.08658190491774 0 0
99.61672425270081 94.90599199360231 0 0
34
1.646215648949223 1.78910493850708 0 0
1.851333934575129 1.92400420376575 0 0
2.786353242658438 3.106004494127679 0 0
5.809110931089737 6.172118851258454 0 0
12.05246448516846 12.38012313842773 0 0
16.05965467130897 16.31219689885272 0 0
17.461052842152 17.7862462272948 0 0
20.41952336363882 20.50649187442648 0 0
20.77266430100811 20.91640029861995 0 0
22.20214009284973 22.4140498172833 0 0
28.9700324966281 30.39702177047729 0 0
36.19245544654106 36.21603755745382 0 0
38.63717002711557 38.67771224363888 0 0
40.76611352697399 40.80808497800026 0 0
45.59259803950937 45.63898475042322 0 0
48.39743164345336 48.67877552824208 0 0
49.73403811454773 49.88454057073803 0 0
50.33470946635248 50.65238965930622 0 0
50.96747279167175 51.054441188738 0 0
55.05157709121704 55.81514835357666 0 0
58.58218841508318 58.65183472633362 0 0
58.91569746609321 59.09692049026489 0 0
60.99873781204224 61.06593012809753 0 0
74.6601402759552 74.90918822370034 0 0
81.79405748573187 82.406797473143 0 0
82.81254543368257 82.81367469833808 0 0
83.0786406993866 83.54997535974778 0 0
86.60318995428693 86.63484018148486 0 0
87.34584445168024 87.50775731128896 0 0
88.45107712583925 89.01971326180765 0 0
93.99115443229675 94.35737729072571 0 0
94.69097353611531 94.69960088804612 0 0
95.46903115662076 95.97795605659485 0 0
96.59415483474731 97.08655256697227 0 0
38
0.2017350112055283 0.7216930389404297 0 0
2.982179481060139 3.160625696182251 0 0
3.494977951049805 3.912842273712158 0 0
5.84497306212015 5.944569693442565 0 0
8.842370410577155 9.041909229543858 0 0
12.04009056091309 12.04200983047485 0 0
14.22575305714015 16.06347560882568 0 0
17.83097102960879 18.07276071879951 0 0
18.22914088981225 19.01360368082518 0 0
19.15092375550836 19.35112554498205 0 0
21.39965837063772 21.53959354447537 0 0
27.20996141433716 27.32369554193282 0 0
34.01679766960351 34.6304101691458 0 0
36.02067765035159 36.16414106289409 0 0
37.8767010822863 38.03676801824991 0 0
38.50632474234614 38.52472231742306 0 0
40.49474405410029 40.98540544509888 0 0
41.02686643600464 41.524364035662 0 0
44.55480108163692 44.6356794897064 0 0
44.86444934033819 45.16785376910956 0 0
46.0748800960166 46.11364057731472 0 0
50.44429018469634 50.557980718858 0 0
52.60270738964382 53.71981263160706 0 0
53.810715675354 54.69855070114136 0 0
58.89346599578857 59.489905834198 0 0
63.37263584136963 63.53615522384644 0 0
65.28147459030151 65.5022919178009 0 0
71.22319295071193 69.03503043697192 0 0
75.77042579650879 76.41912698745728 0 0
80.26038408279419 80.27173476555656 0 0
81.20002363194459 81.46216670408812 0 0
82.5110106025024 82.73254244186852 0 0
86.63486461177764 86.65058469029356 0 0
89.18185421941509 89.41437961672602 0 0
91.73992477833993 91.98789627105218 0 0
93.37018012857392 94.1722571849823 0 0
97.18337295233637 97.61379361152649 0 0
99.1407573223114 99.28650793962497 0 0
