# Status file for ctqmc. Used to save all times t_s, t_e.
8
9
9.721368551254272 9.778231382369995 0 0
11.41400933265686 10.77076196670532 0 0
25.3419816493988 25.38732886314392 0 0
49.31262731552124 49.11532402038574 0 0
54.61434125900269 54.68816161155701 0 0
68.1567370891571 69.81710968312963 0 0
69.85442795914592 69.96748783237349 0 0
70.19374966621399 70.20321655091425 0 0
70.99619507789612 71.26136422157288 0 0
5
17.40871071815491 17.49423742294312 0 0
43.32774877548218 43.64886879920959 0 0
63.65036839471472 63.74047994613647 0 0
71.2281346321106 71.32406234741211 0 0
74.61555665069355 75.0248908996582 0 0
34
1.041230066131197 1.347965625664307 0 0
2.854709287160669 5.913130979092836 0 0
7.847458124160767 8.184242248535156 0 0
9.438771016975249 12.8525696954829 0 0
14.07109498977661 14.94770050048828 0 0
22.55342479137831 22.97273049169647 0 0
25.14529367774005 25.29338002204895 0 0
27.63311516261421 27.79762744903564 0 0
30.72347710152333 30.94316720962524 0 0
31.2602867670247 34.59621071815491 0 0
34.57450828205359 37.38923668861389 0 0
38.42873561557919 42.16256625361719 0 0
43.08706127178416 43.21233959496679 0 0
43.41743713937095 44.09999847412109 0 0
44.54883809678512 45.07833827781629 0 0
45.54754358974895 46.13074232772378 0 0
51.5748143196106 50.86717009544373 0 0
51.9356906414032 51.76297706954277 0 0
55.96119165420532 56.10804034546406 0 0
60.05408823852972 60.35309790240402 0 0
60.69398723926744 60.70817743526575 0 0
61.90202812914964 62.0885968208313 0 0
63.01084756851196 63.33263046284201 0 0
63.30273766089126 64.79672789573669 0 0
66.41039668861845 79.67316232287564 0 0
82.19692707061768 84.5845036308649 0 0
84.87522685352147 88.30858560269286 0 0
88.36299777030945 88.40491161057895 0 0
90.61771996237837 90.74726700782776 0 0
92.0665442943573 92.07891225814819 0 0
92.64359474338137 92.70229850469438 0 0
93.43762020879012 93.45697787888199 0 0
96.93436622619629 97.46461510658264 0 0
97.59365320205688 99.71119160568652 0 0
38
0.03969097502496499 0.532221794128418 0 0
2.181174392888801 2.939099018037417 0 0
3.475868883805314 3.693019058246784 0 0
6.627014714839714 6.763277061073396 0 0
6.943025762518931 7.431658252785163 0 0
7.859702340944777 8.006423711776733 0 0
12.39840674956325 12.57534623146057 0 0
13.60987817404667 14.11951674933566 0 0
16.04140889962552 16.17407344934799 0 0
18.02504062652588 18.08173719155345 0 0
18.43996644020081 18.48335266113281 0 0
23.2373316573994 23.25462698936462 0 0
34.52660358252797 35.08229851722717 0 0
37.92798365595615 38.02004703050866 0 0
39.07054662704468 43.28769445419312 0 0
42.80619149464248 44.45430040359497 0 0
44.39539909362793 46.04108929634094 0 0
46.8606173992157 47.73070812225342 0 0
48.31481553508472 50.32950879880453 0 0
50.43262911453206 50.71888598998088 0 0
63.66040503666686 63.67811482513429 0 0
63.91259558175388 63.96102363477505 0 0
64.34220123384519 65.45025726628599 0 0
65.48141034041872 65.85781991575649 0 0
65.95937836074111 66.27425727866182 0 0
66.382235837431 68.65368485450745 0 0
68.26376914978027 69.12825153135032 0 0
68.72577667236328 69.37409639358521 0 0
69.27115917205811 71.92633748054504 0 0
72.28265404701233 72.35264778137207 0 0
72.40504622459412 72.41849899291992 0 0
75.41501690192618 85.63239872057947 0 0
85.78804731369019 85.81378749111001 0 0
86.12730225905867 86.24889498764333 0 0
87.68141833119006 89.52770550314894 0 0
91.73073172569275 91.82568505640354 0 0
92.48259663581848 92.7006658807089 0 0
93.2417367851406 93.5089647769928 0 0
38
5.119043588638306 4.767032726977193 0 0
5.333399984793966 5.314622989212049 0 0
7.600344712363842 7.566798443114333 0 0
9.135810190964825 9.104664711010432 0 0
11.65813803672791 9.284070178814193 0 0
14.47769117968652 11.78410144379532 0 0
15.37710618288637 14.83243153922208 0 0
17.39983958937349 17.41287653114656 0 0
25.86485743522644 25.11005997657776 0 0
29.51820481863243 29.34437673737933 0 0
30.00217080116272 29.96364587079457 0 0
33.75786392415228 30.05989193916321 0 0
34.76151883803485 33.75964720383502 0 0
36.57213706362827 36.19991805784301 0 0
37.38657832145691 37.08688420577986 0 0
45.36843460719603 39.55262303352356 0 0
52.92261653389633 53.05294990539551 0 0
53.50379943847656 53.57170701026917 0 0
58.24701705238766 57.55523028952076 0 0
58.29629302024841 58.27070474624634 0 0
59.63909029960632 58.72545922965429 0 0
64.40516114234924 62.90859066599742 0 0
65.8641517162323 65.62639474868774 0 0
69.64665265957312 66.16528034210205 0 0
72.67992496490479 68.17522048950195 0 0
77.20253427237837 72.86258935928345 0 0
78.94565224921448 77.50980163281878 0 0
79.13589588270263 79.04773964479719 0 0
79.54532178566255 79.22065722455436 0 0
80.96293284141044 80.84541134256632 0 0
83.31263235350909 81.596428502571 0 0
85.54246990905688 83.34196462913711 0 0
88.4609000063236 86.00704919655175 0 0
93.56433269429439 90.38354366940442 0 0
94.65618686653183 93.64431200517461 0 0
96.25500440597534 94.66943740844727 0 0
98.01958010391516 96.83111906051636 0 0
99.27909374237061 98.43952655792236 0 0
39
1.572154201082673 1.770963586023217 0 0
3.136315907885503 4.32914838049158 0 0
6.190624074882098 6.365311649838645 0 0
6.366850298359975 6.87708854675293 0 0
7.610685052480521 7.748144865036011 0 0
7.795631885528564 8.739913914662623 0 0
10.86390614509583 13.24045658111572 0 0
13.25984317008076 13.56448531150818 0 0
14.29835116183987 26.27986669540405 0 0
26.32959485054016 27.20813155174255 0 0
28.37532758712769 34.11670327186584 0 0
36.28476534462336 36.31758093833923 0 0
38.4746455940859 39.24273252487183 0 0
41.55021316872158 41.83345506216067 0 0
41.87104637743321 43.01342533414596 0 0
45.07942579497909 50.48754215240479 0 0
50.52449703216553 52.6356311144047 0 0
52.50020938897659 56.79306180393463 0 0
57.1707010269165 57.95791745185852 0 0
58.35418571490141 58.55939388275146 0 0
59.04993303191446 60.06236895311616 0 0
60.56073475781119 60.5997076824987 0 0
63.54129910469055 63.61271304835877 0 0
66.30681157112122 66.42493605613708 0 0
68.61037611961365 68.85818839073181 0 0
72.70113099048743 72.92729439482119 0 0
73.07409644126892 73.21314625150434 0 0
76.10458395889947 76.30378018395955 0 0
77.07014686728596 77.4384617805481 0 0
84.77458850212776 84.86050541320341 0 0
85.95356483215947 86.12925983831902 0 0
86.44793310402108 86.62258763622219 0 0
86.74634695053101 86.92603694679626 0 0
87.85300850868225 89.02082443237305 0 0
90.11321849473482 90.35682479356473 0 0
91.27214154225878 93.53636008551562 0 0
93.96366477012634 94.53883877015879 0 0
94.86290698697283 97.3941771506136 0 0
99.54346418380737 99.60222300034857 0 0
31
5.72471413022545 5.983793542157017 0 0
8.36150559471551 8.622890710830688 0 0
8.689714961099973 10.364276527137 0 0
10.84918028554966 10.93469812389797 0 0
12.69608736038208 12.85975467806008 0 0
16.01588614669151 15.89881181716919 0 0
17.64544062440807 17.72179082581005 0 0
18.48906874656677 18.67250800132751 0 0
19.86943845862164 19.88858154689851 0 0
24.67891573905945 24.76274371147156 0 0
27.53899993461008 27.75710623719024 0 0
30.66858053207397 31.12239837646484 0 0
31.49908051945125 31.57169521425627 0 0
31.85478448867798 31.87621079910618 0 0
32.82885509965144 33.14307544338628 0 0
47.30708375192947 47.33714808119984 0 0
55.008465051651 55.27227520942688 0 0
57.17057938048633 57.32019164262923 0 0
57.63396625930139 58.36843252182007 0 0
58.56391552726792 58.76810709902571 0 0
58.91433358192444 59.59888696670532 0 0
62.99840844207878 64.15034503359249 0 0
65.1502112613514 65.17799621932961 0 0
66.82255922830581 66.98401570320129 0 0
67.0240044593811 67.0951309323456 0 0
70.03101706504822 70.13267420785958 0 0
72.01440216809723 72.40496873855591 0 0
75.37958169784531 75.46800374984741 0 0
84.82828694597869 84.99760260342798 0 0
86.19192242622375 86.26453876495361 0 0
86.55912280082703 87.59276866912842 0 0
33
0.3594279289245605 0.5120575428009033 0 0
0.7685894100625035 0.9601874169841557 0 0
1.140260696411133 1.150698208832068 0 0
2.059668302536011 2.663290500640869 0 0
7.674058477892043 7.737576961517334 0 0
14.26547293252638 14.31859135627747 0 0
18.1573469250317 18.24823438328853 0 0
20.51315379012133 21.68376425495088 0 0
25.75659381014468 25.8398711681366 0 0
32.44714736938477 32.47154355049133 0 0
32.97854661941528 32.98021554946899 0 0
33.66095022959197 33.89754909270131 0 0
38.77606391906738 38.80033253099578 0 0
43.16866199378403 43.38950514793396 0 0
50.42495131492615 50.55415630340576 0 0
55.43177127838135 55.80385513348857 0 0
59.96815436127463 60.13195583926758 0 0
61.0626757144928 61.36643886566162 0 0
69.31973593422327 68.45300658005924 0 0
72.91452197823337 73.10987661613952 0 0
73.93909883093362 75.16196571994355 0 0
76.5723705291748 76.58293056921021 0 0
78.73085342821966 78.91985245796332 0 0
81.9140055034086 82.13835044161296 0 0
86.44885106102768 86.67055434551534 0 0
88.72083440514771 88.89068825343709 0 0
89.09045806593718 89.15677815647845 0 0
89.79367485488871 90.5440986596942 0 0
91.14088869614655 91.50847807340828 0 0
91.78104351391777 92.90757190901661 0 0
93.59960075065499 93.71074438095093 0 0
95.69904804229736 95.75655127580447 0 0
98.74656200408936 98.84613752365112 0 0
