# Status file for ctqmc. Used to save all times t_s, t_e.
8
6
19.68966542393602 19.84715523812156 0 0
20.02575993537903 20.03548008786993 0 0
57.94094204902649 57.94867277145386 0 0
76.17608308792114 75.98115774914768 0 0
76.51761174201965 76.40493195899296 0 0
81.21980428695679 81.28580451011658 0 0
7
0.5476862629091528 0.6431276095060099 0 0
0.7070779800415039 0.9936392307281494 0 0
10.83438992500305 10.85472972518602 0 0
43.16138029098511 42.77685880661011 0 0
62.42864727973938 62.52845525741577 0 0
62.75138854980469 63.00847961010447 0 0
82.08396507694329 82.09425210952759 0 0
31
2.303725481033325 5.462402105331421 0 0
5.075480085254796 7.128524780273438 0 0
7.301920652389526 8.582425117492676 0 0
8.856433629989624 8.940178155899048 0 0
9.166353940963745 9.923624992370605 0 0
10.2283239364624 17.08187460899353 0 0
17.1667218208313 18.43453507985478 0 0
18.54308306762871 19.09768482039378 0 0
21.19471328120934 21.66013121604919 0 0
22.9005771299425 23.23355892877265 0 0
24.61742374263409 25.3908587797342 0 0
30.65983404276091 31.49714469909668 0 0
31.56046867370605 32.43247866630554 0 0
34.25009040476024 34.77726338954927 0 0
36.14952564239502 36.42825484275818 0 0
37.65672134598822 37.77011248592417 0 0
40.49477820591533 40.60444632498975 0 0
41.76582625504848 41.86919110500973 0 0
41.9847777969315 53.56583501202515 0 0
53.56875061988831 54.6659039716251 0 0
59.66408650728994 61.51496084849646 0 0
63.03620338439941 63.12567072525823 0 0
63.17328810691833 63.92791783516932 0 0
67.08140969276428 69.39666652388136 0 0
69.84900024614234 75.07872480450094 0 0
74.06297859118611 89.78239297866821 0 0
89.82368111610413 90.63093264351934 0 0
91.92460124515772 92.2744806815795 0 0
93.10484287224703 93.20675524063631 0 0
94.81186866760254 95.21011284089995 0 0
95.76780692943103 99.61833318649603 0 0
44
5.253374576568604 4.399868306190078 0 0
9.390871982970301 6.074970012376676 0 0
13.58291791668254 9.507114801836035 0 0
17.13172793388367 13.68248681607138 0 0
18.02717352543431 17.88498163223267 0 0
18.45447299544729 18.17370309152097 0 0
20.34790515899658 18.82422566413879 0 0
21.91008227780589 21.75912261009216 0 0
22.62489403672561 21.93462914734861 0 0
24.46853518486023 23.05048416006832 0 0
29.04610895661069 24.69463666815064 0 0
31.22012037201201 30.3954572855902 0 0
31.84630560674297 31.55950201102583 0 0
33.80902995699177 31.91722565765005 0 0
36.26912236213684 34.68155264854431 0 0
47.84905314445496 46.74504399299622 0 0
51.15405653648679 48.91120790296526 0 0
51.48799419403076 51.38307809829712 0 0
54.55794334411621 51.53488037666139 0 0
55.23960590362549 54.85045909881592 0 0
56.06386058013687 55.43707146020616 0 0
56.45702998477446 56.18538868088179 0 0
57.1124189907145 57.01660129405183 0 0
57.35306739807129 57.31890516096774 0 0
59.23678304806241 58.11857359475372 0 0
60.05208155090767 59.90489382489433 0 0
61.67063074014835 60.06363986140803 0 0
62.6639689165211 62.30311610665575 0 0
64.08004650060228 62.70118727422723 0 0
65.49931344708905 64.53297116491328 0 0
66.10434326993717 65.70468257144647 0 0
67.79851317405701 66.15711074816984 0 0
69.12970033706067 67.85089785258955 0 0
69.89387730217568 69.60209608078003 0 0
73.08649959619288 73.5824422210252 0 0
75.15684366226196 75.856362294382 0 0
77.96368002891541 78.12874913215637 0 0
83.23418048459885 83.39400037376237 0 0
86.98828858618765 86.89347054960115 0 0
87.61550431013249 87.16278076171875 0 0
91.42879278860258 91.4966681878152 0 0
93.72134922486048 92.54672819798483 0 0
98.1620192527771 98.29862307710665 0 0
98.56770038604736 98.62020989046592 0 0
32
1.857583040190663 1.880756649021936 0 0
6.165164266328162 7.330821752856339 0 0
9.065997436835815 9.795353643419244 0 0
12.10547391775727 14.17721509933472 0 0
14.10959346131254 19.58041787147522 0 0
19.66058218721081 19.75860595703125 0 0
20.23849425401195 20.41054371652145 0 0
20.54444553432379 22.66383767127991 0 0
22.93729696332471 30.73209524154663 0 0
31.85693621635437 35.73604226112366 0 0
35.925555342736 36.08784115350458 0 0
37.27902770042419 39.53604698181152 0 0
41.05371832847595 41.805100440979 0 0
46.48439013506177 46.56197428703308 0 0
46.81780476161308 46.87160420264384 0 0
49.21515583992004 49.22108043448088 0 0
50.19736188326277 51.3712465763092 0 0
51.65420005260416 55.69300055503845 0 0
57.38332348804352 58.28144952520648 0 0
59.95398163795471 62.65992316569866 0 0
62.54527167415698 63.51148225858149 0 0
63.91047187705109 64.29084853521482 0 0
64.43411441925764 66.26022159965362 0 0
66.57865630193979 66.60764634704948 0 0
67.4142861330902 68.7727153301239 0 0
69.06278133392334 69.19586989911232 0 0
75.85098147392273 73.30881449162943 0 0
78.67491841316223 78.75761389732361 0 0
89.09388184547424 89.58631753921509 0 0
92.73256659507751 92.73492097854614 0 0
93.11462950805023 93.28483688381966 0 0
96.92338109016418 97.02046115897923 0 0
34
4.28389310836792 4.398411512374878 0 0
6.126384705691442 6.667754110765587 0 0
7.590503060100528 7.700214978374295 0 0
10.62751404532544 10.70619103057405 0 0
12.14849039637885 12.3014734619508 0 0
16.9964216394601 17.12345464498887 0 0
18.84796382046832 18.84893820008147 0 0
21.99445501808942 22.07954430105399 0 0
23.30678920560415 23.33117127418518 0 0
25.42980617319754 26.32937242239138 0 0
26.95522799906911 27.10531228074873 0 0
30.08703763073575 30.19106322611696 0 0
30.72331024941255 31.00282549858093 0 0
31.22070364645692 33.86618869485313 0 0
34.57232713699341 36.9447648525238 0 0
36.9951592851997 37.46526645506118 0 0
38.12967045446531 38.19667789246719 0 0
38.52349897505081 40.18963315757893 0 0
41.7223570499249 41.72681091881303 0 0
45.13908624649048 45.25770545005798 0 0
47.53395487640135 47.55539894104004 0 0
49.72505306637629 49.84318288729739 0 0
52.34557670373948 52.65215635299683 0 0
54.10682103230012 54.35736349787348 0 0
54.98076677322388 57.90017620775638 0 0
58.30870539801513 59.70547859902776 0 0
64.58973988657384 69.55478684396965 0 0
76.05238000443737 75.62627075564139 0 0
82.49900341033936 82.50576091733515 0 0
90.66652415662419 95.24892568588257 0 0
95.25739933334573 95.80288233171176 0 0
96.67177200317383 96.73809471517225 0 0
97.33954668045044 97.38154986242517 0 0
98.97185020439761 99.15284854253073 0 0
34
0.7852499615373176 1.726798862043794 0 0
8.585888696597955 8.611806243247189 0 0
9.837669134140015 10.23516654968262 0 0
10.56998274116363 10.68057015998529 0 0
15.12632099410367 15.97382426261902 0 0
19.01376194692612 19.85780044959179 0 0
20.54946036151208 20.63858725134757 0 0
22.24827561204642 22.39161447949289 0 0
22.49215138911787 22.5297602479026 0 0
23.37359065302109 23.65446386071295 0 0
23.73608061763769 23.92300657806129 0 0
24.29460033266302 24.68993815069131 0 0
24.78024705265489 24.89546156906108 0 0
25.55267934109577 25.74124336242676 0 0
27.06041972723428 27.0869743524198 0 0
34.10078883171082 34.11866737333256 0 0
37.54374384880066 37.8196120262146 0 0
39.94832634925842 40.18159508705139 0 0
42.75057911872864 43.25300455093384 0 0
54.67723860827292 54.75503956389274 0 0
57.64713963143995 57.8190399453397 0 0
58.57230044244933 58.74241639419685 0 0
59.25405568600971 59.25558047680828 0 0
62.81580328941345 62.81684637069702 0 0
64.32263255119324 64.50434923171997 0 0
76.57870406054663 76.68195758845292 0 0
77.11334247737487 77.21584995874372 0 0
79.1382953538955 79.24993720234883 0 0
81.33012206905167 81.35210275650024 0 0
83.01649689674377 82.68744349479675 0 0
86.75296319730502 86.76262422934603 0 0
89.47755597290873 89.53333382633458 0 0
97.62825137144067 97.68281417571946 0 0
99.62106298436463 99.67536417293576 0 0
30
3.566547044737987 0.4651904106140137 0 0
5.915710411307489 3.646963834762573 0 0
6.737058065685156 6.045358653148014 0 0
9.459992309393018 8.427305085306047 0 0
10.32539092002406 9.550839563232078 0 0
13.88138913599842 10.3611151911016 0 0
19.70108443543993 14.15719884814074 0 0
30.34788370132446 20.14260292053223 0 0
37.58749438970391 30.63076138496399 0 0
39.5530695257657 37.59790556257627 0 0
42.58675155827512 39.56156969070435 0 0
48.33738207817078 42.64377665697999 0 0
49.19214248657227 48.64986538887024 0 0
60.70164442062378 49.49949979782104 0 0
66.50133728981018 60.7988382891114 0 0
68.05822274409411 66.63425054308031 0 0
70.20186906763544 68.37236664046324 0 0
71.12290585308124 70.21059127753223 0 0
71.37657219792486 71.29490835206951 0 0
72.15520143508911 71.76933884620667 0 0
72.95467386603411 72.48393060368781 0 0
74.74881120558588 72.97891620624237 0 0
83.26123356819153 74.77395868646731 0 0
87.66746138050613 83.42571258544922 0 0
88.29344315699734 87.98894882202148 0 0
91.76095018064784 88.358575219719 0 0
93.49640698016164 92.03409431256385 0 0
95.52821897577326 94.02478753242518 0 0
96.8107386046601 96.06728470486611 0 0
99.54628308203444 96.86001624155179 0 0
