# Status file for ctqmc. Used to save all times t_s, t_e.
8
8
1.882839243812616 1.454341557656653 0 0
2.710306644439697 1.969396813053947 0 0
13.51690888404846 13.53945732116699 0 0
36.58648729324341 36.51964068412781 0 0
38.53949308395386 38.31138610839844 0 0
74.51680898666382 74.86178278923035 0 0
81.78465366363525 82.448410987854 0 0
97.18485219790693 97.21328020095825 0 0
8
11.83440089225769 11.83832287788391 0 0
33.43034386634827 33.18106743783486 0 0
33.98961346716764 33.56974009170806 0 0
34.46516554824526 34.04525125868943 0 0
44.6575463143418 45.0741708278656 0 0
49.77863430976868 49.77870583534241 0 0
50.2671770874251 50.32331347465515 0 0
94.55474615097046 94.93974447250366 0 0
44
1.52757775595276 1.608023634678258 0 0
12.32338100323444 12.15863339072559 0 0
13.23147226572693 12.5689431705597 0 0
15.02152543171671 13.46296290808914 0 0
20.64631889615758 21.06892545832443 0 0
23.91448371782846 24.17238574561005 0 0
30.28595907776195 30.42143023534552 0 0
33.34676623344421 32.78774650362839 0 0
33.74084830284119 33.71986150741577 0 0
38.33476608615767 33.8647075016064 0 0
41.40826675138024 40.66744076376658 0 0
43.25634914712737 42.57068037986755 0 0
44.86721819372165 44.4544704097457 0 0
47.32718568229846 44.9659556844509 0 0
49.44419860839844 48.94888997077942 0 0
50.01212954521179 49.56651844065128 0 0
53.27496098692563 50.58377542492199 0 0
56.38095736503601 53.83805059992358 0 0
58.81490059810854 56.7084172942445 0 0
59.44454377080518 59.20670587636607 0 0
62.95484623428793 62.84181123081788 0 0
64.56640186012335 63.54156078180175 0 0
68.45363882217487 67.32871166879673 0 0
68.80949182955909 68.50453572123621 0 0
69.34079720801769 68.87199869809997 0 0
69.65332397583646 69.59260652255904 0 0
69.9831729140919 69.70771630050848 0 0
72.11893218580468 70.02295847671873 0 0
73.18900812585863 72.75957465171814 0 0
76.32625102996826 73.18979555417975 0 0
76.33470744840953 76.33279467472056 0 0
78.96475800911151 76.66581764749479 0 0
79.40434002632809 79.18341885681846 0 0
82.09800720214844 79.79919274671101 0 0
82.27262496948242 82.20542154791703 0 0
84.06299590478592 82.39601254463196 0 0
86.61526785404214 84.98258849120433 0 0
86.86260605693563 86.76446616758034 0 0
87.89598577611351 87.77244089620064 0 0
90.49765467643738 88.39771548189725 0 0
92.5604143252593 90.49999713897705 0 0
97.97318221743431 95.33527326974193 0 0
98.28925085342301 98.17804098129272 0 0
99.03685581107081 98.87781958013991 0 0
48
4.100297908025112 4.405746839440006 0 0
4.779502916031026 5.00376828925272 0 0
6.549441814422607 6.611025333404541 0 0
7.168686389923096 7.187122106552124 0 0
7.350931270933787 7.887388900782314 0 0
8.288631349305778 9.277145744356773 0 0
10.35682873019114 11.54124985564832 0 0
14.09443368832876 14.622606652198 0 0
15.45454339029563 16.35140685888241 0 0
16.22389684879834 17.5888743684725 0 0
17.56972479257032 21.06801867485046 0 0
23.42631406804521 23.9344935407551 0 0
24.46650266647339 24.84513493295489 0 0
29.26969301419339 31.01120904900725 0 0
33.42857441437454 34.9170446395874 0 0
36.84734702110291 38.48272936273973 0 0
39.30650787080092 39.48388500114209 0 0
40.83547382488079 40.87777018689084 0 0
41.87474276350066 42.31307563380509 0 0
43.70993375778198 44.12992000579834 0 0
45.68699448440199 45.76240272235534 0 0
46.27594676653005 46.51343641761568 0 0
46.8543529510498 47.21308475397227 0 0
50.84842026208227 53.27192977499425 0 0
53.58898037592104 53.62455512073932 0 0
53.83533334709532 53.83613387942833 0 0
57.95908570289612 58.24738562929019 0 0
59.32492613792419 59.54276802196365 0 0
64.18730810263833 66.96288748164329 0 0
67.12015339127217 67.12165832410939 0 0
68.70467687301685 68.72005675392327 0 0
68.84064291667575 68.98504874001232 0 0
69.42259662245149 72.1983549769956 0 0
72.27305074877984 72.90736749743208 0 0
74.18554197037238 74.61871055346367 0 0
75.83732191438749 75.87161465663573 0 0
78.23572624180778 78.82731840791303 0 0
78.94141022285191 78.99829523195343 0 0
79.60738774317706 79.79586654145278 0 0
83.6476494403525 83.82654384464716 0 0
88.65997773947879 88.81105184555054 0 0
88.83714962968263 88.88498406688129 0 0
90.59051871299744 90.60954585727612 0 0
92.75573936893717 92.92489842033292 0 0
95.76056517379354 95.91351598020009 0 0
96.60056115423865 97.98353582925515 0 0
98.27386736869812 98.74105993961699 0 0
98.7885594367981 99.83291029930115 0 0
37
0.265966651478351 0.4812065394422331 0 0
0.808651659849541 0.8502542596829699 0 0
6.776304933229843 7.016861438751221 0 0
11.37247243732055 11.66038844613571 0 0
12.87717654368407 13.11548948287964 0 0
14.14649672111392 15.24787728837617 0 0
15.48760533332825 15.52416682243347 0 0
25.21605818056952 29.56729939191917 0 0
29.60583179501354 29.87441683361556 0 0
29.87760346204824 29.98380860103513 0 0
30.15534008481349 30.18326735490195 0 0
33.67187208115371 34.38760102764137 0 0
36.80970847893123 37.21751236604832 0 0
37.69395961966877 37.70197415517877 0 0
39.39936747338103 46.11448645591736 0 0
46.57936096191406 48.76861572265625 0 0
48.41000437736511 49.21632003051123 0 0
49.27573800086975 50.67362189292908 0 0
50.82702005236115 55.18762665677314 0 0
54.80762124061584 57.6063104188826 0 0
57.59195379891935 60.66803932189941 0 0
60.88605523109436 64.25979051612242 0 0
64.88467256452495 65.2661476745551 0 0
66.73821846059974 67.10249891862081 0 0
67.53363549149705 67.98586472813071 0 0
68.06736630883815 68.22357773780823 0 0
69.42145943697049 69.56318616867065 0 0
72.75458356967886 73.07540484050341 0 0
73.4345617356749 73.92760756900448 0 0
75.62815065538786 76.95232298391737 0 0
77.16965125458006 78.04570652049853 0 0
78.25900147331393 79.11632436834063 0 0
79.45433805600383 79.58305151696432 0 0
79.62424006080174 80.53202629089355 0 0
80.2382600756748 94.12294454017716 0 0
93.83858282595759 96.36671856516185 0 0
96.78281959832663 97.35473394393921 0 0
47
0.7447119012425674 0.09551644325256348 0 0
7.133226536870986 2.79623838018088 0 0
11.4489006189082 9.893029261594926 0 0
12.43351101875305 12.2642359070783 0 0
21.92872056353703 13.16069960594177 0 0
23.80761504173279 22.40199761524906 0 0
24.07598495483398 24.05450940132141 0 0
26.86374122122024 24.12633034376738 0 0
30.70325090129193 26.87058323372803 0 0
34.31479488107745 33.46824514350109 0 0
39.52930569648743 39.19012871973419 0 0
40.74743390083313 39.67680821962872 0 0
41.80327380045223 41.08533518373616 0 0
42.63028502464294 42.58366278692495 0 0
44.95097503777216 42.98393130302429 0 0
49.55168087157293 44.96120950504488 0 0
52.41817734710651 49.89018584627493 0 0
53.37113814750708 52.64061093330383 0 0
54.82268333435059 53.83315086364746 0 0
55.29857837316077 55.44331073760986 0 0
59.20639473866725 57.94642193986395 0 0
59.72780585289001 59.26544183120885 0 0
60.325033975352 59.79400675111055 0 0
62.24149849462113 60.43888398079029 0 0
62.69665496564859 62.42146293738083 0 0
62.94722557067871 62.9420196895609 0 0
64.32557736902103 63.26760649681091 0 0
64.49438840529133 64.49382741175145 0 0
66.66836664936258 64.69217915580752 0 0
67.4018919467926 66.78034567025038 0 0
68.50273817292388 67.45535670297684 0 0
77.25914345660389 69.54291457366487 0 0
79.13129262439236 78.62972477334876 0 0
84.64390229099344 82.53202447886862 0 0
86.87468615524499 85.86057796255143 0 0
87.08090551031793 86.90721776044113 0 0
87.42124775169518 87.28969693183899 0 0
88.31424713134766 87.46007183157538 0 0
89.24003442413631 88.72038125991821 0 0
91.14041155971394 91.01856659895219 0 0
91.46648645401001 91.24038555528782 0 0
92.05830512918588 91.47533774375916 0 0
93.67187408914643 92.14578449648214 0 0
94.31138362954476 94.07469822428469 0 0
94.75642442703247 94.40656098851755 0 0
96.91500067710876 94.89049001362272 0 0
99.60401058197021 98.03178392117604 0 0
30
1.737973114831878 1.786601521529084 0 0
4.894862981699096 4.920876026153564 0 0
4.928690195083618 4.978548522232759 0 0
17.32800087086431 17.53949712568161 0 0
23.0848491191864 23.12419414520264 0 0
24.02536273002625 24.26260709762573 0 0
34.34044214333984 34.51020202969872 0 0
34.78961865886157 34.84229987845806 0 0
35.18961335415852 36.06099038426844 0 0
40.1326346450267 40.6583309173584 0 0
41.09182510987427 41.916737189647 0 0
45.96943855285645 46.26886148656885 0 0
52.85329830142827 52.87681138130402 0 0
54.31915933335295 54.41215009898606 0 0
59.11523011181323 59.2075645689245 0 0
59.28488427728575 59.69639492705467 0 0
60.61262488365173 60.64363718032837 0 0
61.62628531455994 61.71528100967407 0 0
69.297881801774 69.54725957229702 0 0
72.67050196104267 72.77321936963951 0 0
73.57430458068848 73.59282374382019 0 0
80.35480669578057 80.37258818612567 0 0
82.82769237210083 83.39724540710449 0 0
83.4172785282135 83.42486416390912 0 0
83.83174538612366 83.83302539876564 0 0
84.28845183429701 84.73970293998718 0 0
86.198490858078 86.26647753232227 0 0
88.59910368919373 88.65020902579346 0 0
95.50714492797852 96.07951532029603 0 0
98.53318267981578 98.71755771528717 0 0
31
1.318255993376338 1.428497054043106 0 0
2.337623888150137 3.993260930699383 0 0
4.847894974087971 5.042938284397616 0 0
5.650471224997133 5.669310030137564 0 0
9.980199661984289 10.1701350813199 0 0
16.09442234039307 16.45535230636597 0 0
17.64561325897532 17.68896344434123 0 0
19.2172557677918 19.44930339274586 0 0
19.90155406787082 20.32517650242549 0 0
23.212069272995 23.39097261428833 0 0
23.39804156853661 23.63353371620178 0 0
33.43440844884483 33.6719810962677 0 0
33.854857759406 33.93027782440186 0 0
34.13090109825134 34.56718325614929 0 0
34.61713790893555 35.2134765329134 0 0
36.89405918121338 37.1211279148703 0 0
38.04178833961487 39.444899559021 0 0
40.13503596357773 40.2934730052948 0 0
42.48811365747111 42.4948357494218 0 0
43.21270162355341 43.71613992376255 0 0
48.93669486045837 49.04842320996023 0 0
64.19791579246521 64.27847743034363 0 0
66.64866748772053 66.65070652961731 0 0
67.62274030084787 67.76132389597412 0 0
68.59541535377502 68.97594402528324 0 0
70.63720536849125 78.45611507992575 0 0
79.44189310073853 79.45703268051147 0 0
81.55401531218486 81.84200813151695 0 0
82.83945535575712 82.86343559789803 0 0
85.44752597808838 85.96833944320679 0 0
91.69524908065796 91.91184507023995 0 0
