# Status file for ctqmc. Used to save all times t_s, t_e.
8
3
33.82242321968079 33.82291674947524 0 0
35.98500490188599 36.14411354064941 0 0
41.9642448425293 41.99971556663513 0 0
2
64.0150249004364 64.05458450317383 0 0
84.76680517196655 84.8210871219635 0 0
32
5.623531341552734 4.390703519679562 0 0
8.907812833786011 5.769670009613037 0 0
9.513779055697569 9.234901516366838 0 0
9.765464067459106 9.86325740814209 0 0
14.06418031723321 14.11360216203121 0 0
16.99057817459106 16.18908047676086 0 0
21.49119973182678 21.65855169296265 0 0
21.94447824317223 21.97238802909851 0 0
23.03503751754761 22.52570753958004 0 0
27.68772788358925 25.27758134176584 0 0
38.06766574051665 36.87274801293796 0 0
41.05889118445641 40.57672950453387 0 0
42.04034209251404 41.06970344098973 0 0
43.02569427513941 42.75543093681335 0 0
45.62347531318665 44.10031971342356 0 0
52.6368260383606 48.06785583496094 0 0
53.7053108215332 52.78562307357788 0 0
58.56918513251478 53.79189848899841 0 0
63.21994948020574 62.22209334373474 0 0
65.77794418217167 64.1409695148468 0 0
66.45298600196838 66.37707519010884 0 0
67.2609772837483 66.55885559869014 0 0
70.683202898421 69.80990336921877 0 0
80.30884838967627 79.9041325098538 0 0
81.34341961211568 80.43883917770732 0 0
84.10686423629112 83.74285083762435 0 0
87.80948561292155 84.9867721571211 0 0
88.6241084099458 88.62180076477426 0 0
91.16843527113069 91.0918015634312 0 0
91.89212117282251 91.72711230828264 0 0
92.17503866210765 92.10484393691844 0 0
97.71685150444833 95.24075146296781 0 0
35
12.15906781260401 12.24835515022278 0 0
14.12104791614663 14.42385315895081 0 0
15.3874397277832 15.42916297912598 0 0
27.15429405795992 26.86691853311534 0 0
27.32123919732707 27.24580900335756 0 0
27.75509464572679 27.5360107421875 0 0
37.92080283164978 37.29006052017212 0 0
38.59720774530845 38.04689935718966 0 0
38.88915769716805 38.60581517219543 0 0
40.22139400280123 39.32623863220215 0 0
43.20349378644002 43.02326779233035 0 0
44.75322191690844 43.51017367219043 0 0
46.02550105929286 44.78577375411987 0 0
47.61075020718666 46.90226357487806 0 0
49.85513264395781 49.53606116013253 0 0
53.88649493593955 53.86278475547682 0 0
57.47078964006145 54.00933160249274 0 0
59.87471342086792 58.2140089351383 0 0
60.61721444129944 60.013382858092 0 0
63.06398679461237 60.84385784521345 0 0
64.25384249754842 63.23844790458679 0 0
66.54641726864564 64.32171192774625 0 0
72.86434741290719 72.10575342178345 0 0
79.33796048164368 73.13158526600864 0 0
79.93400692939758 79.59508299827576 0 0
80.59009135215157 80.09209137624001 0 0
81.77728217091163 81.31738114356533 0 0
82.76939324113835 82.45760061669699 0 0
85.47218760345217 84.01531577110291 0 0
88.02170640083267 86.51920030617819 0 0
89.33334946632385 89.2259843428875 0 0
93.03373694419861 89.73864145972641 0 0
93.70375648085398 93.66714840704026 0 0
95.18776829566266 93.7203583079165 0 0
98.90140891075134 96.24484777450562 0 0
48
0.9938554629814339 1.034063116708758 0 0
3.725505952075529 4.226514846688985 0 0
4.334092140197754 4.616135358810425 0 0
5.800873041152954 6.530547142028809 0 0
10.49265265464783 12.51135579624767 0 0
15.57582020759583 15.76756415742335 0 0
16.69503753794211 17.16427611083142 0 0
17.7179769087479 17.74492263793945 0 0
18.15810203552246 18.41869427629774 0 0
24.23258477872183 24.35927391052246 0 0
25.37283659848976 25.60001611709595 0 0
25.70314407348633 25.72890985504463 0 0
30.63482245582075 31.33292156039622 0 0
32.01635506079204 32.07270670140952 0 0
32.54980604667358 32.56668114961509 0 0
34.11106753076862 34.20116940280519 0 0
36.91194328372659 37.21332548118703 0 0
37.26778784071774 39.53777028853485 0 0
39.8204200738925 40.46384974855837 0 0
45.42532563209534 46.9875156879425 0 0
47.76725138097188 47.90893197059631 0 0
49.53590474778213 49.80311590463111 0 0
50.09601931936309 50.12831619642423 0 0
52.16801501929175 52.3143749738165 0 0
53.83369903186651 54.96292114257812 0 0
56.16477483414909 56.23896592633102 0 0
61.12392107234012 61.43052482930889 0 0
61.89955941570605 65.42395637983411 0 0
65.62685966491699 67.40960478782654 0 0
71.68919104132101 71.78093738225789 0 0
71.94316760194224 72.9675115004834 0 0
73.60240817070007 74.53210353851318 0 0
74.53656726273493 74.79683211438741 0 0
75.66949677723953 75.90810601292559 0 0
76.79913658772193 76.86792532760752 0 0
77.30671391425641 77.41218590581373 0 0
78.98492823686914 79.89267736994066 0 0
81.08853855506996 81.25954860909768 0 0
85.05186399180985 85.63231271392894 0 0
86.35931943010343 86.49867556836314 0 0
87.60925872246577 87.63961832292604 0 0
88.42772444537249 88.48557193407721 0 0
88.6051788689842 88.70896508680949 0 0
88.80178845899235 88.91055390780147 0 0
90.27619981843399 90.38316011428833 0 0
90.90239678281877 91.24484878546519 0 0
91.24610624315675 97.57863283157349 0 0
98.04209470748901 98.46952850903017 0 0
33
1.090711355209351 1.353806257247925 0 0
4.48678731918335 4.756228140690411 0 0
6.328034400939941 6.334954500198364 0 0
6.425622510442879 7.474547204591389 0 0
7.483960215953349 7.934044197831019 0 0
9.462757766446526 10.59128043124075 0 0
17.31957793235779 17.73938136005728 0 0
26.44552028994696 28.05983476325085 0 0
28.58621448086821 28.91092971833852 0 0
32.05785568831012 32.64664406216523 0 0
34.91721153259277 34.97752547264099 0 0
36.35477573387575 36.44485473632812 0 0
39.84876871109009 41.19631052017212 0 0
44.81903314590454 45.16438693771079 0 0
47.10030047132534 47.31640815734863 0 0
47.59811162948608 48.54292472049764 0 0
49.43424463272095 51.37908458709717 0 0
51.41652822494507 53.2856285572052 0 0
53.64449620246887 61.05850159374953 0 0
62.31819225447569 63.40497136116028 0 0
63.61226978933563 63.78436088562012 0 0
65.02851323855829 65.27234315872192 0 0
76.24360340627992 76.89446907282004 0 0
79.5094675482076 79.51416221426253 0 0
79.77246792715493 79.85028823414696 0 0
83.74591504906144 85.00243456354104 0 0
86.2396740038096 86.43284411603909 0 0
86.94481011980227 87.31320346207816 0 0
87.91912198066711 88.32241892814636 0 0
88.72680392882258 88.75750785871153 0 0
91.38632585377455 91.53534015585889 0 0
91.75338775976653 92.15799433059446 0 0
96.3360607624054 97.73603081703186 0 0
29
0.9520324512002845 1.062381845276525 0 0
2.800677372460304 2.938021494332645 0 0
3.325281064982792 3.680973511623983 0 0
8.191096861980272 8.342535286276529 0 0
10.81485939944566 9.66644287109375 0 0
18.4918999671936 18.60443084693079 0 0
22.69842002910415 22.74182891251821 0 0
29.55422213229409 29.77686846949253 0 0
30.1336944103241 30.23881585947511 0 0
32.67081638645897 32.70866119662197 0 0
33.14109444618225 33.29210877418518 0 0
35.76224970253089 35.92834741816834 0 0
37.30626702308655 37.34478478536825 0 0
38.65426530306451 38.83574604988098 0 0
39.10160336466021 39.46156140535225 0 0
42.82996492352639 42.87964876874513 0 0
43.76214240033698 43.94556641126655 0 0
44.80991569019046 45.30459642410278 0 0
59.15402269319276 59.58221840979377 0 0
60.81005456043465 61.16687059402466 0 0
62.26297792317474 62.52225735676689 0 0
66.25882983207703 67.22704172134399 0 0
70.58698765486349 70.7012202478933 0 0
74.83512163162231 75.68174004554749 0 0
77.74527074724777 78.63162755966187 0 0
81.24181628227234 81.32454414058614 0 0
90.10084036743677 90.37541350249639 0 0
94.38285827636719 94.51924902772907 0 0
97.92086775071266 98.40887957838618 0 0
21
0.7102871851788559 1.031989665176485 0 0
8.113908767700195 8.129980115078919 0 0
9.148802894989965 9.154329155576338 0 0
12.60893714539835 10.57301010806914 0 0
13.98673068208809 14.08273654387686 0 0
14.37762562243035 14.51929211616516 0 0
18.96351522161621 19.04401251590714 0 0
24.08602833747864 24.12563244547261 0 0
24.23817699402164 24.24220668998687 0 0
25.18814926503231 25.84886470177586 0 0
29.18932683948942 29.42586047585853 0 0
32.27839469909668 32.62183666229248 0 0
44.2183792591095 45.5140726483832 0 0
48.06949607743737 48.71749484388201 0 0
51.952008601201 52.05777883529663 0 0
53.30779385637264 53.61227952498168 0 0
55.6542694568634 55.89106595267613 0 0
70.38230695293089 70.59461088853608 0 0
80.86434717663415 80.93500281990235 0 0
87.4674379825592 87.64174580574036 0 0
96.28564788426122 96.38950413624568 0 0
