# Status file for ctqmc. Used to save all times t_s, t_e.
8
6
6.327140331268311 5.503422021865845 0 0
35.90928036504479 35.92689633369446 0 0
53.58033776283264 53.61934304237366 0 0
83.64532589912415 83.68158340454102 0 0
88.46115286803162 86.58113743532319 0 0
89.61805916903072 88.70629764143908 0 0
8
6.879198551177979 6.898184483644343 0 0
16.38507843017578 16.94693565368652 0 0
34.59040522575378 34.65276034324134 0 0
35.87698340415955 35.91185808181763 0 0
55.53908070986447 55.60549198879166 0 0
56.04856014251709 56.13411068916321 0 0
87.71521297112912 87.7885053059444 0 0
95.39090991020203 95.10276317596436 0 0
40
6.998668374965433 5.341088771820068 0 0
9.069310856907492 7.912295089383292 0 0
10.13489365577698 9.1147780418396 0 0
11.44242568294516 11.06166839599609 0 0
12.37375736236572 11.58676147460938 0 0
21.62379399822554 20.37738416202343 0 0
22.13733792304993 21.6997506070389 0 0
22.84144616633193 22.18299026644593 0 0
26.16258526420079 25.28766488460192 0 0
26.65983364638258 26.39589915276819 0 0
32.8527356818156 30.81680884814107 0 0
33.01905601907941 32.90917896260273 0 0
33.56305844954682 33.18779460132055 0 0
33.92203390573886 33.67993622249115 0 0
34.37882625095347 33.93111597812443 0 0
35.60201943337745 35.19097296742881 0 0
37.29853140961932 35.63241269299085 0 0
38.15039885921448 37.4240173612186 0 0
38.54495882987976 38.58732944172881 0 0
40.16731755513909 40.15450066460505 0 0
45.03443241119385 44.58612390351949 0 0
45.29633499210703 45.15091969293434 0 0
53.91876161665067 50.25701522827148 0 0
54.62285876274109 54.18995022773743 0 0
58.18471908569336 58.15587639808655 0 0
59.12260413169861 58.47989916801453 0 0
63.22432971352518 61.84885382905264 0 0
64.94326145180901 63.58909458246202 0 0
66.92051093527557 65.11763484659475 0 0
67.26300288096094 66.94795686678603 0 0
69.93555153033499 68.85651051386755 0 0
73.5952069456778 69.95704174041748 0 0
78.68217725631602 73.7263004023817 0 0
80.86714657667743 79.26270175178333 0 0
81.54747107015353 81.49089235371372 0 0
82.32935417315673 81.55393446178813 0 0
86.62669062614441 85.59792338195629 0 0
89.75500931414211 88.40524554252625 0 0
91.38605872128637 91.05498194694519 0 0
92.28375554084778 91.70662849644508 0 0
18
1.686769723892212 1.337510347366333 0 0
4.894262552261353 4.933143135227642 0 0
12.86463141441345 11.0286544088536 0 0
16.31801128387451 12.88346775158004 0 0
21.20176665324113 16.47842481901688 0 0
25.13741068194438 25.20643878082504 0 0
36.91049202975046 36.90710257048168 0 0
38.1643756402073 37.46999756925658 0 0
38.38673830032349 38.18340048276431 0 0
44.78152724122282 38.50421509039585 0 0
48.77442889039811 45.04791707234212 0 0
50.04030978337911 48.94641520791796 0 0
51.59656613836825 50.1472698193265 0 0
58.82820107655299 52.3122294912845 0 0
62.54862672785521 62.530118227005 0 0
65.92143136137281 62.59179618838668 0 0
79.5983612537384 76.60687565803528 0 0
87.21557132078738 87.55826950073242 0 0
28
2.897745370864868 2.236459376186417 0 0
11.75760527254752 11.93817636685827 0 0
12.50067402724505 17.84917454655327 0 0
21.02678228797562 21.67540671290154 0 0
29.23409295097428 29.24217139650201 0 0
29.91719841957092 30.19294738769531 0 0
33.26614630470791 34.04646515846252 0 0
36.51331067085266 39.56860303878784 0 0
39.95596126513659 44.70517267767966 0 0
49.75523948669434 49.86485688485614 0 0
51.64228726559479 53.26981334915185 0 0
54.7560244073679 54.94880080223083 0 0
57.28406956392504 57.85077450675792 0 0
58.23865532875061 58.61726755565594 0 0
61.88815236091614 62.29515671730042 0 0
62.89349794387817 66.32632466097631 0 0
66.91174807374426 66.9279158115387 0 0
68.48994845823027 68.52118685313435 0 0
74.42798018455505 74.69015121459961 0 0
76.84524611017298 76.92010980719827 0 0
77.31042504310608 77.36862301826477 0 0
78.62230608945953 78.6420752882059 0 0
85.66300437586706 85.95778282515026 0 0
86.25824002551899 89.73289863334605 0 0
92.02974856702531 92.09093327552354 0 0
92.43313754781138 92.54670143127441 0 0
95.91753625491928 96.91002815568433 0 0
97.63642479044343 97.69795382103229 0 0
26
0.7633566856384277 0.9400069713592529 0 0
5.298572778701782 5.64085841178894 0 0
8.786743879318237 8.819860219955444 0 0
10.8493983745575 12.09837198257446 0 0
13.62102031707764 13.93041234369647 0 0
19.89206204485486 21.33991718292236 0 0
22.83186069794172 22.89237850955046 0 0
23.44069664291231 23.4806521749298 0 0
24.3977666622829 24.64072315613313 0 0
31.92294930276508 31.95029915930026 0 0
33.58138203620911 34.21492842229997 0 0
39.15712189672962 39.36442732810974 0 0
39.55670703994188 40.33316178845249 0 0
45.76322168637063 46.91762117899889 0 0
50.10655478051422 50.31642140662613 0 0
50.32654603257672 51.16628062477051 0 0
51.80116112404381 54.38332926646391 0 0
55.15500903129578 55.78055381774902 0 0
62.19997441935848 67.38032102584839 0 0
68.86123257761412 76.83523453677623 0 0
77.53034830093384 78.10841898910645 0 0
80.26979565620422 80.74226379394531 0 0
85.69089716980595 86.29471828371067 0 0
86.44999925969749 86.74369210035753 0 0
88.69204383186688 89.13411885583167 0 0
89.18624202224753 89.19233679771423 0 0
31
0.9360204486609098 0.9504132601385114 0 0
4.222899348580711 4.239935055667519 0 0
4.698985815048218 4.785700387823741 0 0
5.608296394348145 5.738332627402199 0 0
18.31007941518683 18.92375896273983 0 0
19.30636831442148 19.38553305446248 0 0
20.0593113899231 21.01883292198181 0 0
24.01955355354855 24.02746952503357 0 0
25.76998444153175 25.99262373600629 0 0
30.13838351613234 30.29187898084457 0 0
30.67687603408378 30.84490265185103 0 0
32.36951183953591 32.53838492049341 0 0
37.69767234280678 38.08461144815389 0 0
38.98916225592349 39.49736127674915 0 0
46.68934923570664 46.88324133122717 0 0
52.10352737571122 52.11664337491636 0 0
54.47844525796779 56.96431398391724 0 0
57.48105645179749 58.23013989347281 0 0
59.80234862577809 60.02001166343689 0 0
60.23393273353577 60.90360879898071 0 0
64.68001263846828 64.57465156592005 0 0
65.98027021906339 66.22353818855184 0 0
68.41668005969214 68.42304195417599 0 0
70.24024878539052 70.31313559037132 0 0
76.5629922300258 76.82047992608018 0 0
77.85924381355484 78.17260176108991 0 0
82.2399377822876 82.75706171989441 0 0
88.0168492404259 87.33393973918879 0 0
91.30815267562866 91.34170413017273 0 0
93.31948387445621 93.57025647237836 0 0
98.31358354946745 98.3602090897971 0 0
26
0.5939304828643799 0.6107798512311998 0 0
2.414798736572266 2.632290525382798 0 0
14.87374305725098 14.97606039047241 0 0
19.2026492665022 19.70441726571076 0 0
20.99988846187543 21.24148265214448 0 0
21.4394748210907 21.69748544692993 0 0
25.69732069969177 25.72465046862874 0 0
33.6669385433197 34.39584970474243 0 0
35.0457162133232 35.28364493165002 0 0
35.40812523437124 36.23983386731377 0 0
47.45301463046629 48.12160360937408 0 0
49.6376185974718 49.69057746869488 0 0
50.01339260769718 50.52395009936983 0 0
55.43598261792519 55.5513241061152 0 0
58.1638260838203 59.16404940164012 0 0
60.35765409469604 60.41308045387268 0 0
60.70284163301203 60.74425407964839 0 0
60.83099500895749 61.093670129776 0 0
66.75915122032166 67.94480085372925 0 0
74.36085343360901 74.63148103221648 0 0
76.11702680587769 76.2798011302948 0 0
76.64576768875122 78.9793074131012 0 0
79.37270770108296 80.7514813552249 0 0
85.17796975280748 85.25521755218506 0 0
88.19767832756042 88.2264256477356 0 0
92.29177886396229 92.42528216331571 0 0
