# Status file for ctqmc. Used to save all times t_s, t_e.
8
2
70.16928195953369 70.24223804473877 0 0
95.79012828783 96.54878318098383 0 0
6
40.64078330993652 40.65309166908264 0 0
51.47229433059692 51.47821307182312 0 0
51.97420716285706 52.51486897468567 0 0
76.42601669296012 75.81263394551648 0 0
77.34900568550671 76.70708948360914 0 0
86.32957339286804 86.40785217285156 0 0
37
0.4485210212279198 8.530339678677709 0 0
8.484125137329102 11.75216196459707 0 0
13.64772915840149 13.72489929199219 0 0
16.24856410801108 20.04741760722866 0 0
22.27469825792171 22.34421291749218 0 0
23.12468546015245 26.31597739284531 0 0
27.41791009902954 27.46649384498596 0 0
27.85513184622062 27.90933678220752 0 0
30.26189669385522 36.02755741794839 0 0
37.92981505393982 39.20680263266665 0 0
39.85271453668203 41.84526467426577 0 0
47.68873614068654 47.72495031356812 0 0
49.35345649719238 50.96655777662484 0 0
53.69298787423666 54.18977634679507 0 0
55.25899044930732 56.27594590187073 0 0
56.60082697868347 56.66064054696128 0 0
59.36812002018114 59.4513820310281 0 0
60.02041283256236 60.72053740609618 0 0
61.30910255071475 61.31663432358625 0 0
64.39113048023461 64.3990195120999 0 0
65.23988554523967 65.75562729597139 0 0
66.42407078388008 66.88224329574503 0 0
69.51509714126587 69.56301363537145 0 0
70.05430578142041 70.29596041695216 0 0
71.81493167194547 71.88713698018017 0 0
71.97161912918091 74.4334317079251 0 0
74.5249925780624 80.4501332398692 0 0
80.99210262298584 81.04205131530762 0 0
81.61824280536263 82.51851201057434 0 0
82.84984857627506 83.58200788497925 0 0
85.73092818260193 86.83935520592885 0 0
86.932902829169 87.75206871494927 0 0
88.8910710811615 88.89787779587043 0 0
90.13217283782372 92.99206967746906 0 0
94.22386971903657 94.5475764117074 0 0
94.6821760253703 94.79344814679868 0 0
94.96884942054749 95.48264741897583 0 0
35
0.9594728449388619 1.137173175811768 0 0
5.315643521053952 9.121915898979299 0 0
11.07651591300964 11.64038475839939 0 0
12.09930372465666 12.19832084551137 0 0
13.61713916416173 14.40567774961588 0 0
16.32662415504456 18.02670219103419 0 0
20.3808069229126 21.66201074571236 0 0
22.05965457173988 22.91847843706606 0 0
25.90141296386719 26.61115527153015 0 0
27.58620359868048 33.39271640593466 0 0
33.26165942277122 36.78502766717533 0 0
37.11754679679871 37.12810355241747 0 0
40.54384827613831 40.85222482681274 0 0
41.55121307392071 44.83365201839191 0 0
44.86856730129308 45.04511024969679 0 0
45.1479849653052 45.52806716820918 0 0
45.79921856818387 46.2907019697323 0 0
54.05907646963087 57.55870921525543 0 0
60.39890035092092 60.53181886672974 0 0
61.12909913063049 61.38542294502258 0 0
65.16426205635071 65.27553377494908 0 0
67.27972043272074 67.63256482548066 0 0
67.78202251945338 70.38251361942224 0 0
70.30544281005859 70.71987390518188 0 0
70.66128470370467 72.37887382507324 0 0
75.84210634231567 76.54080390930176 0 0
79.82028126716614 79.9172043800354 0 0
80.66438958681282 80.75849362627827 0 0
81.02948035114342 82.44605853067961 0 0
82.8466534614563 82.98445687412041 0 0
85.40238352678573 85.48692602043488 0 0
85.8719590697563 86.98565174583923 0 0
87.40899831314744 87.86077952973855 0 0
88.54865724468382 90.41588082033694 0 0
94.57845805931942 95.13731076400499 0 0
33
0.05714861796008108 0.4194074901549465 0 0
5.711233615875244 6.06769323348999 0 0
11.35906955151819 11.46317304358164 0 0
12.32200766996509 12.4591417303784 0 0
12.94486231856932 13.35535467598041 0 0
16.18293108224885 18.62077240895787 0 0
24.00803565979004 26.63717269897461 0 0
31.4790666103363 31.647127866745 0 0
36.02843874105057 38.38565044471127 0 0
39.18051975683099 39.24897019925939 0 0
39.48424436138326 40.5922276855287 0 0
40.85853695869446 40.95827839967434 0 0
43.67074370384216 43.99594068527222 0 0
46.18122726003749 46.96165219448707 0 0
46.98974279414663 48.64117503166199 0 0
51.58459747653846 51.65718737683211 0 0
51.93338088627387 52.0012241277135 0 0
52.24352672507625 53.9280116558075 0 0
57.68532492529279 59.12802712648385 0 0
59.60067510604858 59.90518947179461 0 0
60.5852704176233 60.9052785908739 0 0
62.02413859556167 64.05543521371723 0 0
66.67373548760722 66.74487633558381 0 0
69.84071120483915 69.84986349495058 0 0
71.66979908943176 78.63837480545044 0 0
79.27620091205512 79.66564320419077 0 0
83.23635458946228 83.26738770912677 0 0
83.49120673969657 83.64109992980957 0 0
87.09550374320337 87.16878890991211 0 0
87.72637799330752 94.37146782875061 0 0
94.64101397171173 94.66017883065028 0 0
97.59871166511928 97.77058814154023 0 0
97.80963304348846 98.09337132791335 0 0
39
11.80492049188578 5.462690624778586 0 0
12.07252246687199 11.86879873275757 0 0
17.24038324351856 16.65615052150721 0 0
19.09661762957952 17.27565619330527 0 0
21.76736805384007 19.10726198114981 0 0
25.5851149559021 21.77754960337981 0 0
26.34211778640747 25.59911923169525 0 0
29.77124452590942 29.64059114456177 0 0
30.36897091370356 30.22069146173917 0 0
31.08759522438049 30.70416725364271 0 0
37.1431545765867 31.57283663749695 0 0
37.91423513152754 37.79825502514466 0 0
38.36469461733858 38.08772478673648 0 0
39.94346857070923 38.48008391366307 0 0
42.92310878847461 40.11036157608032 0 0
43.46643846774967 43.30192758879367 0 0
54.77635264396667 52.1926516492729 0 0
56.43873253306761 55.27147875517061 0 0
56.68792277889206 56.57528381042738 0 0
57.54462966146664 57.2414039693781 0 0
57.76478052139282 57.60795326601966 0 0
61.9326114654541 58.09519736147655 0 0
66.68323278427124 66.14181995391846 0 0
67.48307347297668 67.43509769439697 0 0
67.71940867390639 67.49870747021863 0 0
68.08339434401779 67.94425849856817 0 0
69.61398305575133 68.54502265111206 0 0
72.47412800788879 72.09814126075224 0 0
74.5994676668362 72.62829542160034 0 0
76.88195606731082 74.71095370829009 0 0
79.1837531845556 76.92421724335063 0 0
80.10831537359887 79.25175862156047 0 0
80.42560815811157 80.15165899175678 0 0
83.80119487174234 80.50521653801164 0 0
85.47436155086024 83.84321928024292 0 0
87.56464345327342 85.5545253700314 0 0
90.36462499139725 88.61082809220561 0 0
92.80984997749329 90.51458738672861 0 0
93.45484375953674 93.45856224503666 0 0
38
9.897363202445062 10.05422549857998 0 0
12.07202026869638 12.58925806766347 0 0
13.85608402746317 13.88050714757124 0 0
13.88897181525387 14.05394915040077 0 0
14.41875696182251 14.45537874321806 0 0
16.42050743103027 16.669762134552 0 0
19.46721038627675 20.41119337081909 0 0
21.39952506107515 21.6075599193573 0 0
23.21961970524942 24.25110936164856 0 0
26.67992940214283 27.6043713092804 0 0
30.91216288154131 31.03106021881104 0 0
32.86276459693909 32.90470034982711 0 0
37.86781213330394 37.90829229607533 0 0
38.70638714262713 39.19773608025115 0 0
39.34821486473083 39.38041837039107 0 0
40.87285399436951 41.58998092100676 0 0
43.13436040284311 43.81414183648682 0 0
44.30497092223773 44.41512171896782 0 0
45.39337501750804 45.51398672640753 0 0
45.89447318116283 45.99255143924514 0 0
46.32182645421017 46.76889266332584 0 0
46.97414040565491 47.03329129306356 0 0
51.13214860084057 51.75936336759293 0 0
52.02160389033637 53.8108229637146 0 0
58.84493589401245 58.88613419419848 0 0
60.79809609665792 60.79913510829872 0 0
61.48350342427532 61.60629023050004 0 0
65.58120676913167 65.75902211959759 0 0
66.95204973220825 67.08638668060303 0 0
67.42460131645203 67.46196964899717 0 0
71.0826339559819 71.14813435069971 0 0
74.8065710067749 74.92315368330014 0 0
78.93329622557323 79.14038506928881 0 0
80.52867650985718 80.96525073051453 0 0
85.42777895927429 85.86670756340027 0 0
90.18210776396778 90.63618183135986 0 0
91.67677885455873 91.78353797532104 0 0
95.4199912850048 95.36757898261109 0 0
29
0.7377982139587402 0.6773471832275391 0 0
1.574629545211792 1.65373682975769 0 0
8.95975622410802 9.564048841216795 0 0
10.01903387156949 10.07769107818604 0 0
10.14180461203497 10.48897098478803 0 0
12.9037773131157 14.41833167759527 0 0
15.44627481274775 15.71487188339233 0 0
15.81148959694232 16.18711948394775 0 0
20.46872795361979 20.74520621166121 0 0
22.9272938201218 22.95733861415881 0 0
27.69855012886109 27.83828377723694 0 0
29.31718294331852 29.60026629389105 0 0
32.7661395072937 32.78891444206238 0 0
42.1688437461853 42.22900867462158 0 0
47.59201409256377 47.81681942035863 0 0
50.75017809867859 50.96582683530234 0 0
51.59802871419452 52.18945937529838 0 0
53.10595224354658 53.55287555778432 0 0
60.18065214157104 60.22830609787177 0 0
60.56106686592102 61.245923978173 0 0
65.88119298390799 66.01506062721515 0 0
68.18713890040593 68.61528502933463 0 0
69.24273917552156 69.70153246906327 0 0
74.04802345254983 74.06226083938719 0 0
80.55779337882996 81.1654665610309 0 0
82.3306589276886 82.79722727586397 0 0
89.60289359092712 89.61322903633118 0 0
94.4716388132087 94.91143226623535 0 0
96.50964098557986 97.81418093319716 0 0
