# Status file for ctqmc. Used to save all times t_s, t_e.
8
3
20.84333896636963 20.86835923119891 0 0
35.7897364289263 35.85380046072409 0 0
61.552046825384 61.61924600601196 0 0
1
87.2640073299408 86.9337797164917 0 0
35
2.10193395614624 1.855850219726562 0 0
5.997323989868164 5.538672208786011 0 0
21.35132409728789 14.9853540622783 0 0
22.30423859749917 21.9433953191734 0 0
23.25708130757811 22.46302119865677 0 0
24.02688645753583 23.47767633909218 0 0
24.66854115512838 24.04449189280047 0 0
27.28763127584735 25.08383692948293 0 0
31.7390330757269 27.51326442237139 0 0
37.51031174274388 32.29960610514193 0 0
39.91269469261169 39.1191609557189 0 0
44.45389168778912 39.95981587506216 0 0
46.08397827171881 44.61367495089534 0 0
47.8801078495842 46.35160565376282 0 0
51.6660849402323 49.70773505319279 0 0
56.45332932472229 55.22034168243408 0 0
57.11531708099417 56.55402041972857 0 0
57.36387741752915 57.29715151950069 0 0
58.87290239334106 57.51252770423889 0 0
60.28218157991014 59.13477913126805 0 0
61.08073578152491 60.80237510121779 0 0
61.21451649105344 61.12731877721505 0 0
65.50128482442295 61.33465390713706 0 0
67.68845268004947 65.55983529603083 0 0
70.65102971845018 67.79087713198446 0 0
72.45495915412903 70.6884503364563 0 0
79.36493098187171 78.39339157665403 0 0
80.00018556635402 79.39007029216617 0 0
83.16503257187188 82.05899138066219 0 0
84.74616386805242 83.31772182266938 0 0
85.42776340024689 84.80173558951216 0 0
87.19548583030701 87.12530732154846 0 0
88.14238309860229 87.36375847502411 0 0
90.11227488517761 90.26762670199142 0 0
94.57115614129968 94.78851556777954 0 0
49
1.164885172076958 1.424553053574011 0 0
1.474249362945557 2.434706687927246 0 0
2.968718505977074 3.017745515076355 0 0
3.872443316518332 7.302975654602051 0 0
9.379335037285728 9.496855111099103 0 0
10.84773540496826 11.01592159460463 0 0
13.8648509979248 13.93935527476279 0 0
13.99726322994764 14.06397219349919 0 0
14.51212804354367 14.6953869361698 0 0
15.61265766027044 16.74468517303467 0 0
19.97619271278381 20.56063419427765 0 0
24.39202070236206 24.83133219189775 0 0
26.04075588790979 26.3149094411089 0 0
27.97839977291162 29.45878012925601 0 0
30.37300109863281 30.39260735088122 0 0
33.14044220615919 34.01787877082825 0 0
34.60915684700012 36.12099922193792 0 0
36.61060333251953 46.13733291625977 0 0
47.1689434243979 47.59910590134702 0 0
48.06907176971436 48.16991686820984 0 0
52.21753465081472 52.42788195610046 0 0
54.19331192970276 54.93137057461903 0 0
56.58120140913255 56.76273103896668 0 0
57.55431618811446 57.60733321461294 0 0
57.63397520401688 62.64775516038479 0 0
64.02554831966438 64.20027730147774 0 0
65.15080187827282 65.2124885726038 0 0
65.25204317598703 65.50198963410537 0 0
65.70206648017135 66.09323620796204 0 0
66.72303676605225 67.54736768370647 0 0
68.78557097383221 69.0709470658351 0 0
69.48618007065552 70.36184685138993 0 0
71.67267799377441 71.95393443107605 0 0
72.60098220712834 72.64578427049173 0 0
72.74557948112488 72.96337550260833 0 0
73.46624011604722 73.5386338286792 0 0
73.78265264718367 73.9848768033989 0 0
75.18633236542205 75.23170985746218 0 0
76.74894250619705 80.27381683310234 0 0
81.38255992396597 81.60355431597711 0 0
83.73254946152721 84.21538699779356 0 0
84.40342008137698 84.68444202686486 0 0
86.22401356697083 86.60426145565907 0 0
87.72336324759158 88.85301947593689 0 0
88.75557869495796 90.97979039556019 0 0
90.80732464790344 91.68126542239341 0 0
91.88206501308808 92.20632487394587 0 0
93.52674176251739 95.00223924585862 0 0
98.66632479067277 98.83711800440409 0 0
44
0.3837921964119815 0.7112233798453991 0 0
0.8314754842805552 0.9708343500293237 0 0
2.92481483327917 3.163781417475036 0 0
5.736126939013158 5.96915417054566 0 0
6.920066072366701 7.658116793631423 0 0
7.666558027267456 7.796293497085571 0 0
16.44408470072067 18.01630854606628 0 0
18.45083832740784 23.92942249577244 0 0
24.19001670910674 25.31665794680154 0 0
26.16336990595741 26.84829975961791 0 0
26.8933413307793 28.70589609020976 0 0
29.92341331881633 31.9803848536422 0 0
32.19028115272522 32.4317716024329 0 0
32.88489404097604 32.91005247980564 0 0
32.92349446963521 33.56239795684814 0 0
35.1210355758667 35.40925646488198 0 0
36.55734658241272 37.1950089931488 0 0
40.03596182825699 40.19332111473583 0 0
42.9362416267395 43.13290204700379 0 0
43.69347602928117 43.73709476976965 0 0
44.1239595413208 44.29445862770081 0 0
46.90716710731653 47.10765907803467 0 0
50.05651383788532 50.60563883876336 0 0
52.88392049667717 52.9263784342399 0 0
54.42372560501099 54.93975420204814 0 0
55.37253790534159 59.94767150806366 0 0
63.89829287221152 63.9674961566925 0 0
64.06377708062107 65.46093634329981 0 0
65.8079288090147 66.0073520818905 0 0
66.0790722859528 67.14370439555428 0 0
67.97824567388093 68.11145150029044 0 0
70.36654037175184 70.3978097459953 0 0
70.86777590364092 72.58406334167394 0 0
73.07097937360264 73.20066932629827 0 0
75.77732742719954 75.95374943114675 0 0
76.44004456114806 76.73368105243988 0 0
79.33009939040201 79.81078786326091 0 0
80.61696290969849 85.62633209414697 0 0
86.53493342129755 86.61750443633304 0 0
87.15853691101074 87.32679039207571 0 0
90.55624604225159 90.10543823242188 0 0
93.06438785117473 93.49270047458575 0 0
94.10136794125015 94.98370885848999 0 0
95.12755274772644 98.70233518398508 0 0
43
0.6749994070024503 0.9964724189064671 0 0
1.366893716668283 1.562976550935246 0 0
3.000767157845802 3.192990613579998 0 0
3.449455427625355 3.500464228660405 0 0
6.609755754470825 9.494173526763916 0 0
10.04268960879753 10.15127964590453 0 0
10.41843708348488 15.42361378669739 0 0
16.32785201072693 17.91717699957206 0 0
18.13176773604687 18.23572972215471 0 0
18.33598067312564 19.09942626953125 0 0
19.53612031466374 20.16277355700143 0 0
23.91590476036072 24.11485831056707 0 0
26.7882286177377 29.56863752931215 0 0
30.3415060043335 30.35718202590942 0 0
34.21786427497864 37.76547857580397 0 0
39.04330803547136 41.67571209721871 0 0
41.04780025862536 44.03115606746267 0 0
43.91213655471802 45.08134126663208 0 0
45.80771327018738 45.88905307289654 0 0
47.04403877258301 48.03343744376005 0 0
48.21974596189356 49.6428207151915 0 0
50.47287497769128 51.02130085772178 0 0
55.79350151240766 55.9754203363759 0 0
56.74320922920462 56.82903437113325 0 0
60.11346193735903 60.1491391658783 0 0
60.31519907931426 60.65293357338352 0 0
60.71787384360031 63.25430865663981 0 0
63.34488509491452 64.52235299056116 0 0
64.62749763116409 65.83330631256104 0 0
66.80712918391174 67.29469310158306 0 0
67.39978799516498 69.25367283814488 0 0
70.88818550109863 71.54284715652466 0 0
73.38172530455172 74.0777850151062 0 0
77.85669906872042 77.86385572901258 0 0
79.16545899273571 79.19273376464844 0 0
82.67967871604425 84.07099617292033 0 0
84.93384565981296 85.54292128058376 0 0
86.70878471997352 87.22724482949926 0 0
88.65584075457322 89.13229455647874 0 0
91.65436556160522 91.74380433685721 0 0
95.90422511100769 96.01765959346284 0 0
96.78713083267212 96.8256670544875 0 0
99.42379679537312 99.69352233904819 0 0
34
0.7656278574507148 0.345313549041748 0 0
3.166922794941129 1.192727235475179 0 0
9.615821858690406 4.228297389377536 0 0
17.19874739646912 9.930628538131714 0 0
25.76602697372437 18.26225519180298 0 0
27.89475917816162 26.57708295323974 0 0
29.68000281867291 27.90429726345911 0 0
30.46799305415534 29.79114340765763 0 0
32.03009213646148 30.53523464884382 0 0
38.72094264499798 32.33466039890214 0 0
42.01469694838664 38.83382678031921 0 0
42.76675581932068 42.02261567115784 0 0
45.74435353279114 42.85107344621046 0 0
46.94553954873345 45.89632749557495 0 0
51.35388374328613 47.14055070725364 0 0
53.0589634443929 51.38041973114014 0 0
53.36366408205225 53.19862514539908 0 0
54.60832118988037 54.2366713776393 0 0
62.62917004104267 54.6771228313446 0 0
63.26509714126587 62.79299435115759 0 0
64.52428223810388 63.35754990577698 0 0
71.02810045838025 64.55693613282853 0 0
72.86473729699799 71.24795902381682 0 0
76.90430822445074 73.32415663874411 0 0
77.22819447517395 77.03494506024708 0 0
82.3583722114563 77.26016640663147 0 0
89.19481610588495 82.67671465873718 0 0
90.28922319412231 88.75956373956099 0 0
92.02095219922664 90.89133739471436 0 0
93.59945058822632 92.02546292671005 0 0
96.76129817962646 93.60031485557556 0 0
99.11420336224097 96.8405622871111 0 0
99.38959739835866 99.3108573152908 0 0
99.8837947845459 99.60542226891451 0 0
36
4.736212485868442 5.019093390468342 0 0
15.43101632692686 16.47137999534607 0 0
20.17709612503791 21.14923783800338 0 0
21.79021900328842 21.91842300405853 0 0
24.76146668028153 24.80443983195642 0 0
25.0414270876431 25.65181851387024 0 0
28.89415767560591 29.00072980059062 0 0
30.40268613205322 30.41679845311078 0 0
31.41169548034668 31.89963102340698 0 0
33.44567909341048 34.80343859899775 0 0
39.73202435464032 39.78916880895753 0 0
41.85419082641602 42.03775808978694 0 0
47.06638401253353 47.1315324306488 0 0
47.23608421217165 47.25770601383245 0 0
47.98179509579157 48.22598624963319 0 0
48.46951365470886 48.48417639732361 0 0
49.8259425163269 50.18056631088257 0 0
56.08991247973237 56.24305076880022 0 0
60.26319265365601 60.29475927352905 0 0
62.49209642410278 63.12912702560425 0 0
63.93737861771761 64.09603357315063 0 0
68.74483823776245 69.71855625487929 0 0
70.47024059569975 70.67449128347891 0 0
70.82608342170715 70.92494798241484 0 0
72.66376614570618 72.94169664382935 0 0
73.94714742698127 74.39059093083576 0 0
74.43457841873169 75.22029280662537 0 0
90.20887302601848 90.30042713435489 0 0
90.30938451872316 90.37688453023168 0 0
91.89401667077986 91.95490126834346 0 0
92.6951705238575 93.05136259377431 0 0
94.34387824744584 94.61270641830247 0 0
95.39614915847778 95.76371312141418 0 0
95.97883820533752 96.01094722747803 0 0
97.42242907900288 97.50350713729858 0 0
98.85630843631971 99.57580761271467 0 0
