# Status file for ctqmc. Used to save all times t_s, t_e.
8
1
95.95726132392883 96.11771106719971 0 0
7
17.22156405448914 17.69114960431466 0 0
19.31085586547852 19.31673288345337 0 0
45.84089305232055 46.03344435209387 0 0
55.28454780578613 55.17482757568359 0 0
72.71391749382019 72.91620969772339 0 0
89.8856520652771 89.55135345458984 0 0
91.01814031600952 91.08983874320984 0 0
37
1.939180043868305 1.308921610252229 0 0
2.516437331233736 2.295676806582049 0 0
2.988249063491821 2.941811490870094 0 0
4.929566383361816 3.309064037013944 0 0
11.36268912077902 10.67157939392656 0 0
14.58456516265869 13.09371113405436 0 0
21.16606831550598 17.02980995178223 0 0
22.4306956614172 21.19161466484534 0 0
23.2341933881235 23.01667378358813 0 0
27.86182761192322 23.33794236183167 0 0
30.71724488804308 28.16417168570098 0 0
33.60755871772444 30.893403478633 0 0
36.40223984265359 33.62439924681018 0 0
39.05470858258936 36.52050452166569 0 0
42.15498566627502 39.10245299339294 0 0
45.62915339074444 45.23817784292388 0 0
49.94238758696023 48.99722933769226 0 0
52.92718487525264 52.44101477059105 0 0
53.72891002921239 52.97459316584079 0 0
55.18624782562256 54.71377664508402 0 0
56.91134822815656 55.69436406957941 0 0
58.81763696670532 57.40976929664612 0 0
59.44436192512512 58.81815552711487 0 0
65.06575345993042 62.41399645805359 0 0
68.38936805725098 65.36941318917758 0 0
69.77414054230952 68.56927704456298 0 0
73.9676335690455 70.13256198675377 0 0
74.71565008338864 74.69056304803476 0 0
75.29056072235107 74.80491021984371 0 0
76.54023741240354 75.32204799778508 0 0
78.8885828247347 76.82065963745117 0 0
79.47869767777161 79.03381996460038 0 0
80.63179789128326 79.54484983835037 0 0
83.14181003422311 80.80919091105899 0 0
92.05599427223206 91.55950100085676 0 0
93.29470821919391 92.81395596509975 0 0
96.59974615122948 93.47659285066534 0 0
35
3.335591573533129 3.525243372217324 0 0
4.269280919822349 4.294794308904607 0 0
4.342790257708145 4.850089480366859 0 0
5.455665189373954 7.35475589818604 0 0
10.56366357819558 10.9384985623365 0 0
11.03084049769764 12.04682130715924 0 0
12.66325148732865 13.47816929861684 0 0
13.69499402537859 15.79356786049289 0 0
17.23976731300354 17.39398241043091 0 0
17.45923757553101 21.47339326777244 0 0
25.48992710595687 25.86467425107518 0 0
26.94439112220728 35.16483779785172 0 0
37.2302234172821 39.13441643222441 0 0
40.28668640084487 40.57348401507957 0 0
48.44398781339009 48.48570879083471 0 0
50.13540767706167 51.03787177801421 0 0
51.42409121107215 51.95931575343943 0 0
52.54949499363983 52.71273969837288 0 0
55.16443576312894 55.58760550602587 0 0
56.42889262712181 56.60760854042879 0 0
57.12531117286189 57.20627307891846 0 0
61.61733269691467 61.68246865272522 0 0
70.34080028533936 70.39149403572083 0 0
71.79490923881531 72.23781837535952 0 0
76.29073549980774 76.43373961952494 0 0
77.73149680491956 77.86340796229507 0 0
78.62369251668966 78.93935441970825 0 0
80.1885413247068 80.41470646858215 0 0
80.93851292187934 81.04022500518327 0 0
83.93545620862274 86.95241212844849 0 0
91.536545753479 92.04449862183625 0 0
92.24701523780823 92.35730643663477 0 0
94.25021763756199 95.01191831915246 0 0
98.39654765222923 98.77250440890968 0 0
99.7217642645134 99.78624918763133 0 0
40
2.411602686906188 2.254150446060752 0 0
3.392874555601174 2.820092924064637 0 0
6.413582388703017 3.421431023511996 0 0
7.837043689386437 6.470674276351929 0 0
10.22682695325745 7.903140783309937 0 0
11.48094789139541 10.61775308693754 0 0
17.03901141364843 11.55338287353516 0 0
21.10040783882141 20.39215564727783 0 0
24.63371148069575 23.72237825662573 0 0
26.94929242134094 26.48270726203918 0 0
28.69084622150784 27.00468784329827 0 0
36.5919496527921 29.10872671106664 0 0
37.25023504317711 36.95104718208313 0 0
38.04942060050601 37.36397996803191 0 0
39.23427212338896 39.02192634856053 0 0
44.53317914241737 41.1020137849497 0 0
48.39701652526855 44.5532623808334 0 0
48.59175086021423 48.55707287788391 0 0
51.00463075627751 48.72229162702801 0 0
51.95173621177673 51.04511976242065 0 0
52.24763821710296 52.11706483550493 0 0
55.90223199501855 55.02142719768722 0 0
56.61676002291425 56.15646300436314 0 0
71.72679901123047 71.72964811325073 0 0
73.06404113769531 72.07939028739929 0 0
80.14828615780493 77.75459212771914 0 0
81.14732530663844 80.42777220525824 0 0
82.4793791919158 81.71660203312902 0 0
84.17111583830808 83.18989524836557 0 0
86.90372109413147 84.57690653612318 0 0
87.01202273368835 87.00971007347107 0 0
87.67390987497592 87.5133725517007 0 0
89.1588032245636 88.11940693490783 0 0
89.79415680468605 89.24170784387125 0 0
90.50975441932678 89.96080261899422 0 0
92.50626869101688 91.54063921917484 0 0
92.54260162597409 92.50819106703759 0 0
96.20891213417053 96.12197864600951 0 0
96.56728794103914 96.3869571685791 0 0
98.8004205549466 97.17835011357319 0 0
33
3.451128999561648 7.473880052566528 0 0
10.4375567913949 10.45402515436945 0 0
13.31818699836731 14.83634689364417 0 0
23.22821021080017 32.63371917048171 0 0
32.69023816730403 33.93564060108815 0 0
34.42925214767456 40.91773629188538 0 0
41.05534553527832 44.87982988357544 0 0
46.82132644489343 47.0032435204889 0 0
48.04434776306152 48.31086035643423 0 0
49.91925663284461 50.13675055127574 0 0
51.24866962432861 51.52221322059631 0 0
52.54031203624888 53.50055642869408 0 0
54.17024328999381 54.26242326229585 0 0
55.60850501060486 55.79690337181091 0 0
56.17254005978106 57.132887840271 0 0
58.2244876420026 58.7902807609737 0 0
59.9723219871521 60.32430529594421 0 0
61.23196482658386 61.28931045532227 0 0
64.09416198730469 64.15798711778962 0 0
65.5436155910088 68.50987076759338 0 0
68.98123095956713 69.73411276627743 0 0
69.85181387496979 70.23529418301814 0 0
72.2719132900238 72.64901899998461 0 0
72.898634349934 74.22469943805346 0 0
74.68421094943251 78.95275601673826 0 0
79.45882081985474 81.22522926186967 0 0
81.99151523105002 83.12968611717224 0 0
84.04203653335571 84.2426061630249 0 0
89.93818987276114 90.17297531104086 0 0
90.37704467773438 90.50848841696961 0 0
92.61929392814636 93.0055558681488 0 0
96.09474371099905 96.78573293759769 0 0
98.3816981730624 99.54605736986929 0 0
24
0.7956205505577252 1.01069930970155 0 0
2.263711971292609 2.427655458450317 0 0
5.100059668503544 5.231345426996668 0 0
6.314622184340344 6.398617223195217 0 0
7.031190395355225 7.5542151927948 0 0
11.40312887775332 11.79529539189385 0 0
14.45760450218569 14.67015960219897 0 0
18.14979314804077 18.20195317268372 0 0
20.674067735672 21.28756046295166 0 0
35.09217500686646 35.43604016304016 0 0
38.80716562271118 39.25086259841919 0 0
41.90442010879706 42.14192091495316 0 0
42.52345561981201 42.55768950451164 0 0
45.22291795295423 49.39490008345264 0 0
49.48565200374517 49.94521784437631 0 0
54.25397507817436 54.3433613601534 0 0
58.18036909179762 58.22429730228793 0 0
70.69476246833801 72.29145169258118 0 0
72.51225113868713 73.09770584106445 0 0
81.5344512462616 81.76303505897522 0 0
83.07315382625261 83.25745892099435 0 0
85.3543995273192 85.50759245321586 0 0
93.73477697372437 93.79199545092592 0 0
95.50888409987807 96.35129553923996 0 0
34
3.415298461914062 3.521621227264404 0 0
7.990475483278864 8.075950154978548 0 0
8.438593149185181 9.23964637843895 0 0
10.9076288477999 10.93396364368071 0 0
15.49919843673706 15.49072265625 0 0
23.50068092346191 23.58921766281128 0 0
30.51837577199597 30.87546890642649 0 0
33.78246731096553 34.05388823077544 0 0
34.75950956344604 34.85815217009665 0 0
37.24685947638006 37.41682756891066 0 0
38.56970071792603 38.62044172040142 0 0
41.15221613751752 42.37506985664368 0 0
44.89302976557086 45.37661989560742 0 0
48.32796092118772 48.45472414745125 0 0
48.89977735286089 50.153698535281 0 0
51.21052076935694 51.64624825072853 0 0
52.46995091438293 52.54252935385086 0 0
56.2795628649238 56.38209861262947 0 0
56.72749703489119 56.9936145382263 0 0
59.09244375112189 59.44423954351416 0 0
60.3801785713427 60.50548437549027 0 0
61.7268109399631 61.82956836150662 0 0
65.71873231892025 65.7824213700472 0 0
66.67400932521701 66.99312336706491 0 0
75.16587349438436 75.23659467697144 0 0
77.22176313400269 77.41385218832464 0 0
78.82873883127459 79.17744517326355 0 0
79.38140034675598 80.89314699172974 0 0
82.03868865966797 82.07868050209274 0 0
87.67806860283542 87.82960828053479 0 0
88.95359367142218 90.23250937461853 0 0
91.87894463539124 92.26243495941162 0 0
92.49303340911865 92.65330510180476 0 0
93.28007698059082 94.27973031997681 0 0
