# Status file for ctqmc. Used to save all times t_s, t_e.
8
6
5.342066287994385 5.476909875869751 0 0
13.88257741928101 13.75871896743774 0 0
36.485755443573 36.52757406234741 0 0
40.70209264755249 40.71448445320129 0 0
80.5042564868927 80.64890890520076 0 0
89.52323958736059 89.62419629096985 0 0
1
22.74410128593445 22.97229766845703 0 0
41
1.839190721511841 1.994671160133235 0 0
5.469331637991784 5.635589361190796 0 0
6.531453132629395 7.360194052143703 0 0
9.276874778024551 9.371742378963653 0 0
9.803802677750349 10.48316175973945 0 0
11.82768426851339 12.17980270130202 0 0
14.12714221251137 14.27044891510347 0 0
14.81381058692932 14.95716571807861 0 0
14.96596932411194 15.41327834129333 0 0
23.9963687383218 24.06604327020503 0 0
30.60032096289829 31.50308728218079 0 0
34.62262654364342 36.25637550325476 0 0
38.67546319408065 38.87958523765295 0 0
39.55443775804014 42.2147274017334 0 0
43.04624199867249 43.93966381184818 0 0
47.09407992718162 47.11702753792224 0 0
49.11336381106229 50.14485446231529 0 0
53.81539463996887 53.86996865272522 0 0
56.01279807544657 56.81518912315369 0 0
56.82716369628906 58.45323050025075 0 0
58.92251185927249 58.94052963472725 0 0
61.26208529114574 61.66722178459167 0 0
64.007301974359 64.43610223350653 0 0
66.92951917648315 66.97909832000732 0 0
70.27489226666788 70.3878014190785 0 0
70.79410642335826 71.1649320623185 0 0
72.16058563484169 72.30458108968756 0 0
72.37422056283937 72.79003540739718 0 0
73.16894559149405 73.19795179147776 0 0
73.66942131011757 74.00096926700775 0 0
74.11715388298035 74.1324620910936 0 0
74.16832298123823 75.81492398625848 0 0
80.82734533398251 83.40688828669975 0 0
84.14000703596821 84.47587912359076 0 0
84.48856472969055 84.95220849468505 0 0
87.51515843713946 87.80732154846191 0 0
88.7140154838562 89.21523690223694 0 0
90.81858904343932 90.87364310150521 0 0
93.01149749874227 93.03074523003336 0 0
97.12639451026917 97.68708348274231 0 0
98.9639284953526 99.00059700012207 0 0
25
5.02118687279113 4.949508592832675 0 0
7.432031631469727 5.953106629147623 0 0
12.10727087660217 9.041886845283386 0 0
23.65806698799133 13.02448599867007 0 0
25.8281811598802 25.355064868927 0 0
32.78348322319836 25.83804781005695 0 0
36.77807142677725 33.18568382444495 0 0
38.10555030750368 36.87122037694454 0 0
41.22181534767151 38.31411801698682 0 0
43.14008510409652 41.56097686295085 0 0
43.5919147065797 43.33755970001221 0 0
45.67193860695713 44.86172787111538 0 0
54.03662314796316 47.336029606004 0 0
57.92832970619202 55.07155838863034 0 0
59.90605986987416 58.81614685058594 0 0
61.59771629164872 61.1371412648467 0 0
66.26270857299887 66.24865531921387 0 0
69.34127532689878 67.77737680847909 0 0
70.82177355558456 69.44286106133362 0 0
81.24919568614915 74.39714074134827 0 0
90.92231291473338 81.73869741401246 0 0
91.27461731223342 91.02509754755613 0 0
95.2966203276692 92.78342742061247 0 0
97.09501157556204 95.43217448729317 0 0
97.38527064252158 97.12242625733477 0 0
45
0.5299400814596282 0.5683689933022151 0 0
1.731500398903712 2.954447269439697 0 0
3.378914381579099 3.547928904766845 0 0
3.596142186343962 4.560615540303502 0 0
6.736643114883009 7.18950629234314 0 0
7.465410232543945 7.870149612426758 0 0
8.710718154907227 10.23335456848145 0 0
12.73919343948364 13.88156414031982 0 0
13.92163312228683 20.66437673959756 0 0
20.5197716726417 23.65292257728246 0 0
25.25491554762129 30.65203428268433 0 0
31.52343728683282 31.59030986879461 0 0
31.98455678045362 32.61922826948562 0 0
33.16805434646734 33.24316993683665 0 0
33.71361644849909 33.73427280854791 0 0
34.65895796407099 34.66882463683424 0 0
35.85435238818633 37.83741593360901 0 0
37.90295059613442 40.76021352891257 0 0
42.6189814386419 42.66616891038689 0 0
42.92365996216682 43.72992415408626 0 0
44.43715214729309 44.97618079185486 0 0
45.04498390383393 46.23622619871364 0 0
46.55653508452065 46.61732367782592 0 0
48.29160434718604 51.92410503962002 0 0
54.61111539150001 55.16451930977364 0 0
55.29891741249948 55.93832330426167 0 0
55.96656203269958 59.34296250343323 0 0
59.34956073760986 59.7491083310258 0 0
61.80949965728502 63.93427180518803 0 0
66.2034577339607 66.2271824214877 0 0
66.55177980759562 66.67282772406 0 0
70.21723912650509 70.91743946075439 0 0
73.67106939205199 78.51474285125732 0 0
79.41482067108154 80.42922752520806 0 0
80.55609554899502 80.97967850669238 0 0
81.95391273655149 82.11253950758694 0 0
83.08851234349805 83.19152940393528 0 0
84.17717120508003 84.50952434305997 0 0
84.53581195071719 84.56340211431744 0 0
85.31494140625 91.67417585449721 0 0
92.91584491729736 92.92711019515991 0 0
95.46477794647217 95.46770453453064 0 0
96.01973559590155 96.49915575195106 0 0
96.65713422819228 97.32255316921648 0 0
99.52530040630599 99.57411714292719 0 0
38
2.564880145446298 1.407706820964722 0 0
5.867166420196553 4.106779923710574 0 0
6.91109299659729 5.964794479499677 0 0
7.138681443392948 6.914317607879639 0 0
9.186054853765752 8.220002339552224 0 0
26.34522914886475 25.20360946655273 0 0
29.84656295662153 29.74542378276609 0 0
32.38019347190857 32.27967270246175 0 0
33.21328208837949 32.74465203285217 0 0
34.91024496309094 34.32340975678219 0 0
36.34832573134736 35.57762995058606 0 0
37.46406435966492 36.95322272755713 0 0
38.33788018522277 38.26645016670227 0 0
41.74796475172786 41.25293024286897 0 0
42.71088838577271 41.88078641891479 0 0
43.12900034334665 42.91928825561195 0 0
46.56987536730166 43.3139495112402 0 0
49.92705985338526 48.84576532590754 0 0
51.48681402206421 51.29326581954956 0 0
55.84614472206242 53.1727894265803 0 0
58.3646297454834 55.91504620172982 0 0
63.49751949310303 62.06064209579596 0 0
65.53179925938039 64.60189819335938 0 0
66.65757818438708 65.72397427358291 0 0
68.71201395988464 67.12917685508728 0 0
74.61365932517978 74.0919437698084 0 0
77.58163768742051 75.13130190311472 0 0
79.25752240035619 77.62477434053375 0 0
81.94866673501308 81.17640355658737 0 0
82.37119159626579 82.19348092379472 0 0
83.12759364913477 82.62911691181058 0 0
83.85598564700891 83.16597115277528 0 0
84.87772395678785 83.90246409787569 0 0
85.62360678809901 85.44679880142212 0 0
89.4390534637018 89.00259514444429 0 0
93.34364789634529 90.94688576994754 0 0
93.87573621780463 93.52623299305519 0 0
94.05661854032273 93.91624927520752 0 0
38
1.888597011566162 2.126268161256434 0 0
2.214080966143504 2.525357404445647 0 0
4.376313469903103 4.403276952167657 0 0
6.1751480001967 6.191729679553424 0 0
6.563620737964958 6.808415296183421 0 0
7.700541407075567 7.768313368693808 0 0
8.514833286305288 8.596669786773445 0 0
12.63337731361389 12.69532348257081 0 0
14.66318058558604 14.75041508674622 0 0
16.06910222945844 16.42721187721961 0 0
17.30668564670504 17.39718317985535 0 0
17.88118580894947 17.93474772918749 0 0
19.8541187935111 19.61858845203867 0 0
29.35043132204594 29.59349523469199 0 0
29.6981155872345 29.70515489578247 0 0
32.65926966063795 32.7110530272094 0 0
34.06190872192383 34.321528673172 0 0
34.58906412124634 34.78743433952332 0 0
37.11141347885132 37.29519844055176 0 0
44.09393963467451 44.37175989151001 0 0
44.5745050907135 44.73937056782233 0 0
44.75072026252747 45.45426785295449 0 0
47.358638048172 47.37697839736938 0 0
54.15256587174575 54.94412183761597 0 0
55.31240105628967 55.62580227851868 0 0
65.47621908224727 65.58911204338074 0 0
65.60063423158836 65.89252993911816 0 0
66.14842469264326 66.94600242247161 0 0
67.86834419829137 68.72260570526123 0 0
71.31896949842465 71.43540267983646 0 0
75.62962174415588 76.94238424301147 0 0
78.26432171054842 78.28658819198608 0 0
81.33508522809383 81.82609081268311 0 0
85.27900456857142 85.29012799263 0 0
88.38935810932553 88.43675272292977 0 0
92.36846810789261 92.53473281860352 0 0
96.41782641410828 96.68972492218018 0 0
98.84129745817972 98.84591096053968 0 0
42
2.097988128662109 2.124517103251315 0 0
2.883750200271606 2.971124649047852 0 0
6.328070163726807 6.438004970550537 0 0
8.20544411997597 8.987600149855506 0 0
9.239324755118728 9.307995979973571 0 0
10.00268888140062 10.02242379800951 0 0
13.20433394496566 13.24219391860992 0 0
14.14879560470581 14.43961262702942 0 0
19.75359511387929 20.00905275344849 0 0
21.58969044685364 21.6561496257782 0 0
30.72820097249767 30.82884550094604 0 0
31.82414136859056 32.20468740957759 0 0
32.58268909324193 32.59543017965429 0 0
32.61381538371074 33.33642175003136 0 0
33.99299933914612 34.09046002131023 0 0
34.44217921575684 34.57200032947766 0 0
37.62332797050476 37.71056532859802 0 0
38.26529682900502 38.36299807038586 0 0
39.2918752606766 39.36936259269714 0 0
39.77356553077698 39.88170471395603 0 0
45.87873430662241 45.94140792447177 0 0
47.08591394111108 47.16915113660878 0 0
47.98577574513563 48.0832040309906 0 0
48.23740597873748 48.43052467058229 0 0
50.99174096277684 50.76278528344539 0 0
52.99326078219317 53.30617690905605 0 0
54.08738381529137 54.60430693706874 0 0
54.67653234975459 54.94982351618661 0 0
57.07479608875866 57.12228666731849 0 0
57.951819896698 57.96639919281006 0 0
59.77337956428528 59.8746621340521 0 0
61.09443328775441 62.24695018121952 0 0
62.94096883635081 63.00222424298166 0 0
64.50997699822304 65.64766738621844 0 0
66.02938339777633 66.03297561845875 0 0
66.65132641792297 67.1478807926178 0 0
69.316402524938 69.72683232515791 0 0
73.32413792610168 73.85838031768799 0 0
76.17268647296765 76.21209896216953 0 0
78.37339686139465 78.4472151314616 0 0
92.5938290664475 95.38595080375671 0 0
99.17206764221191 99.37152413483039 0 0
