# Status file for ctqmc. Used to save all times t_s, t_e.
8
3
19.6682333946228 19.72170219086067 0 0
76.33243799209595 76.752769947052 0 0
80.12252449989319 79.25983667373657 0 0
3
8.225613832473755 8.245950937271118 0 0
92.50296354293823 92.85353422164917 0 0
93.89601945877075 94.10548940500938 0 0
42
2.017212371187571 2.35454264909265 0 0
2.830810086714638 3.282453752589329 0 0
6.416829319353798 11.25644146182784 0 0
14.71049053738649 15.02086318997772 0 0
16.87597610108067 17.00707472799071 0 0
21.8974433280679 21.99943551782649 0 0
22.27905948576029 23.3960098117722 0 0
24.41720076329965 25.23771524429321 0 0
25.26901364326477 25.6939172744751 0 0
26.00383799724247 26.52870965362288 0 0
27.08053521609365 27.66951830371455 0 0
28.46096257882071 29.49919929070482 0 0
30.73176145553589 31.03747367858887 0 0
31.82482719421387 31.84834122657776 0 0
32.65118598937988 32.64721635587203 0 0
35.9631361898536 36.0229605533951 0 0
42.38657273574175 42.43235179722902 0 0
42.44452714920044 42.79541373252869 0 0
44.98673176174108 45.98541031170897 0 0
46.24057412147522 49.88771677017212 0 0
49.96340870857239 52.46017575263977 0 0
53.04875195538025 57.21293451951137 0 0
58.34604501724243 58.53941088196502 0 0
60.49297302541299 60.55060625076294 0 0
61.07121706008911 61.27066640481509 0 0
61.97712893675371 63.63199162918323 0 0
63.47484207600896 66.3562188007545 0 0
67.79903878055397 69.23607318872035 0 0
71.15227774423504 71.84770107269287 0 0
72.10546889139323 74.32381197885505 0 0
74.89035712003592 77.40017175674438 0 0
78.16003602034277 78.16842794418335 0 0
78.17140817642212 81.31867577304733 0 0
81.95895364002084 82.83975973448258 0 0
82.84778594970703 82.96724825521326 0 0
83.03785066457507 84.04874205589294 0 0
84.63029861450195 86.46843644659511 0 0
86.59798502922058 86.73809734595386 0 0
88.62159848213196 90.14224453879648 0 0
90.46259833718084 91.19652482831377 0 0
91.76061704407509 96.86816269845875 0 0
98.67033958435059 99.0973174571991 0 0
34
9.870624542236328 9.921211004257202 0 0
11.71444821879632 11.52892769666747 0 0
13.09099198117833 13.05155158042908 0 0
15.65314531326294 15.59368621120101 0 0
17.17598986338515 16.9628918170929 0 0
23.14247488975525 22.15690913529155 0 0
24.98618002768762 24.74334056423393 0 0
31.62577095979387 25.22791555970442 0 0
34.1166659500697 31.66601692206615 0 0
35.9291503331855 34.28370853799841 0 0
45.05530326800624 35.99186745850991 0 0
46.39558467979153 45.86434960365295 0 0
48.45833012110585 47.92883688330321 0 0
50.1534104347229 48.65363500844096 0 0
50.88989161377673 50.15926361083984 0 0
56.56141042709351 54.64704490084955 0 0
61.18252840645034 56.59714341163635 0 0
62.76792083939815 61.2450122833252 0 0
68.14846992492676 64.32623115015126 0 0
69.19683814048767 68.49664449691772 0 0
72.97737598419189 70.72708010673523 0 0
78.86613945884309 75.25826338378047 0 0
79.49374876426219 78.99181840372799 0 0
80.24934184596739 79.856891284745 0 0
81.50214862038202 80.34680994377936 0 0
81.9304347038269 81.92895826800199 0 0
88.63058090209961 87.66441345214844 0 0
88.94579410552979 88.93280625343323 0 0
93.81721778259217 89.49268979842054 0 0
94.96746128543542 94.16360103920424 0 0
95.56479765842803 95.45415010397576 0 0
96.86219332862477 95.59526199711647 0 0
97.29020249403017 97.33137161118546 0 0
98.03115716251276 97.800479322464 0 0
45
0.1716570704549412 0.2001192108417934 0 0
2.457470456504381 2.480223626371334 0 0
4.054368607054656 4.071611874198311 0 0
6.859167047069544 7.066184282302856 0 0
7.142817974090576 7.30445384979248 0 0
10.1739892188301 10.49082183170178 0 0
11.56124651089086 12.24978176506479 0 0
16.31309952396063 16.5397311050601 0 0
17.21652150154114 17.38220375280957 0 0
18.25970793473126 18.27967770944117 0 0
18.48329132725192 18.55890872140859 0 0
21.09339792592781 21.59014299922535 0 0
22.10574150085449 22.28910036553297 0 0
23.16140849393495 23.17535233556517 0 0
23.5588398501718 23.68463141660171 0 0
24.47649483945996 25.80426335334778 0 0
27.54330039024353 28.49000692367554 0 0
32.12427496910095 37.13661432266235 0 0
37.04729852527075 37.30685143072542 0 0
37.14829350917216 38.36933899886359 0 0
38.35133841253074 42.35601425170898 0 0
42.66625816405339 42.8769459921967 0 0
42.96866804025385 43.12109198004597 0 0
43.66472056169712 44.13967599579495 0 0
47.44080811514297 47.60728858623808 0 0
47.84603017146772 48.04059613907565 0 0
48.85219931602478 49.0973174571991 0 0
52.95196771621704 53.23581695556641 0 0
54.47705551887984 58.34135413169861 0 0
58.38452888264926 58.63736000744527 0 0
58.7831603920007 60.42097925993198 0 0
61.21596326590772 62.41744160652161 0 0
62.47609516151778 62.49128027068815 0 0
62.62878820993333 62.64795347793916 0 0
64.18783068656921 67.99702101301715 0 0
70.02571225166321 70.2759325504303 0 0
72.13430360377852 72.29326499588785 0 0
72.74955042909322 73.67369532585144 0 0
80.27587532997131 81.21880292892456 0 0
86.93738747683356 87.2523759430531 0 0
88.745314609465 89.1489379319091 0 0
90.21530339121892 90.27785100507883 0 0
91.92417074766529 92.200748481221 0 0
95.55900804050606 96.0797529028922 0 0
97.58761627794752 98.06551573827934 0 0
35
1.568766906085798 1.615563160163807 0 0
1.779735088348389 2.534407233854687 0 0
2.820596174028237 3.995099541799062 0 0
4.183396520105227 4.594969749450684 0 0
5.527256457321816 5.587575963897986 0 0
5.838046902630404 6.487405300140381 0 0
11.54622742061876 11.76761744805092 0 0
13.74354433190329 15.49606416714762 0 0
16.26272969181615 18.7903881072998 0 0
19.14845108985901 20.48026919364929 0 0
20.47545909881592 23.22679209216804 0 0
25.27309921977441 27.39099860191345 0 0
27.45395302772522 27.49067544937134 0 0
27.59392261505127 30.66706657409668 0 0
30.76965500756677 40.61411619186401 0 0
40.4485285282135 43.33068120316528 0 0
48.08414392704761 48.22824884353519 0 0
48.31350017580809 48.7365589803527 0 0
52.45057814104972 53.16020277686901 0 0
56.41548475923572 56.53618574142456 0 0
57.00650811195374 58.21847319602966 0 0
59.89819765090942 60.12267691648142 0 0
63.82551033754744 63.9121802755417 0 0
66.35861994039809 66.94209890961879 0 0
67.45269758240434 68.26395444589109 0 0
70.2071699201462 70.84006611580406 0 0
74.1056473740139 74.61121307024345 0 0
74.67921517956987 74.97077484900657 0 0
75.37392973899841 75.43777227401733 0 0
75.51067471504211 75.95045566558838 0 0
77.01556086540222 77.22994182565941 0 0
88.04627074881478 88.9354962645786 0 0
93.58173844847317 93.68595326586977 0 0
93.79397524256841 96.76982760429382 0 0
96.45361304283142 99.56597089767456 0 0
40
2.509391307830811 3.034400939941406 0 0
3.048277390384752 3.163987789636324 0 0
7.727787435365501 7.866618668223987 0 0
8.574599027633667 8.672751751681146 0 0
9.985443967879881 10.00737123214965 0 0
12.05884842650793 13.10965855159255 0 0
13.66607943199764 13.68849503652679 0 0
20.73899728959947 20.74286164814439 0 0
25.74785868354639 25.90513560420715 0 0
29.12476485483957 29.48455214500427 0 0
32.73830918567047 32.94279318933135 0 0
34.07244682312012 34.10788178443909 0 0
37.49985694885254 37.50263452529907 0 0
38.24436192760175 38.27653174124066 0 0
42.55139905300815 42.58793155791801 0 0
45.08590691256365 45.16897524747372 0 0
46.07201678935834 46.19254395544461 0 0
46.19558692822607 46.45807445659798 0 0
49.02995824813843 50.49049271656324 0 0
58.44017187552157 59.82069373130798 0 0
60.29128432273865 60.37613500379732 0 0
61.42900641910432 61.80998942548186 0 0
62.28118992937034 62.29099035263062 0 0
62.32762448204922 62.44450848147348 0 0
66.16643528633794 66.77164911964417 0 0
69.04076933860779 69.20216679573059 0 0
71.92602157592773 72.19896912574768 0 0
77.42376327514648 78.0390578232799 0 0
78.25295991204484 78.52518660580475 0 0
79.32694887221959 79.41883836653851 0 0
80.56778824387797 81.03452758046521 0 0
83.11500421991487 83.47820159066282 0 0
83.85321339955748 83.91627679720159 0 0
84.22101850360235 84.26298848308308 0 0
85.66412925720215 86.13837318597372 0 0
87.09456783014762 87.14182290062355 0 0
87.18490354213908 87.30188867499909 0 0
92.10126005241642 93.28517913818359 0 0
93.24589967727661 93.68980514596215 0 0
95.52123546600342 95.98827597654032 0 0
45
0.612273859693957 0.7156636185064933 0 0
1.393597415605023 2.207183837890625 0 0
3.470263884287285 4.239308834075928 0 0
4.898363351821899 5.929100513458252 0 0
8.738768100738525 8.808046579360962 0 0
12.63368577129214 13.16184803662526 0 0
14.20421004295349 14.35354948043823 0 0
16.84486700564375 16.90510830371637 0 0
17.77714449207969 17.80286825653134 0 0
23.60339286907773 24.15586589323599 0 0
24.2057740688324 25.13828564011209 0 0
30.04807666887748 30.08338809013367 0 0
30.2740274927455 31.56935572624207 0 0
32.10150003433228 32.17081427574158 0 0
34.441077709198 34.60296392440796 0 0
36.31237130141259 36.31967760332784 0 0
36.54195274196405 36.61658426380551 0 0
38.28056875675614 38.48813205218937 0 0
39.68044254452626 39.86044291310275 0 0
43.3034841693453 43.3498203754425 0 0
49.46372509002686 49.68121647834778 0 0
53.30099772822304 53.48660408493432 0 0
54.55669677371831 54.60986650026401 0 0
55.62933534186164 55.65729955611358 0 0
56.00196199089222 56.14383519962705 0 0
57.42967843308526 57.81447887420654 0 0
58.15732362242557 58.52051173405572 0 0
59.59994792938232 59.62111655932271 0 0
63.17517890023269 63.62279653549194 0 0
63.67410700901046 63.76742503305535 0 0
63.80734358552967 64.11316921086049 0 0
64.29250240325928 64.37223929329755 0 0
66.44125847608861 66.45170102088026 0 0
68.97399949645609 69.00110763480448 0 0
72.32553016447554 72.42200546198809 0 0
73.53719494919473 73.75203944666869 0 0
75.34263134002686 75.3756046295166 0 0
77.45614934885907 77.53580611528521 0 0
77.61506022841421 77.70997200066152 0 0
79.4355571269989 80.22581934928894 0 0
86.96879744529724 87.65283226966858 0 0
88.91813448111427 88.96963529372923 0 0
89.40176861082591 90.60403394756267 0 0
90.7702989076793 90.80884718324883 0 0
93.63100728171345 93.69593783901068 0 0
