# Status file for ctqmc. Used to save all times t_s, t_e.
8
5
12.33554482460022 12.45852708816528 0 0
17.38954186439514 18.43842267990112 0 0
36.13525032997131 34.909987449646 0 0
56.60767248400156 56.94199204444885 0 0
61.25714778900146 61.60969734191895 0 0
7
14.70097303390503 14.84060883522034 0 0
17.50637292861938 17.58506298065186 0 0
40.88406562805176 40.87913632392883 0 0
54.54287528991699 54.48193550109863 0 0
56.68526887893677 56.93241953849792 0 0
76.36961340904236 76.38291741245737 0 0
88.67394328117371 88.86079788208008 0 0
40
2.27620468404263 2.449417114257812 0 0
8.288747072219849 9.160643120063508 0 0
9.718112247581349 10.18994677557295 0 0
13.1977231507914 13.3608877658844 0 0
13.56428735270848 16.67511280271157 0 0
16.66120014382563 25.04217624664307 0 0
25.06583333015442 28.35412347367545 0 0
33.97678453593545 34.09229467993821 0 0
35.88843335994043 36.08104217376977 0 0
36.28335990990552 36.35285678417059 0 0
36.52609757869974 36.87046840403943 0 0
36.87867522239685 37.1644139289856 0 0
40.17165257395952 43.37523569512926 0 0
43.39921933687231 44.51074004173279 0 0
45.06257176399231 47.47660160064697 0 0
50.135338306427 50.46212077140808 0 0
51.10369652706628 51.81035995483398 0 0
52.05278396606445 53.63848805427551 0 0
54.13342544663919 54.95563656281615 0 0
56.84599280357361 57.41509601298969 0 0
57.24383321548387 59.44746919301545 0 0
59.87212061882019 59.94902265246115 0 0
60.87040588984388 61.01932893386262 0 0
62.39662347813955 62.60388669390064 0 0
63.83344041713883 66.87475442886353 0 0
68.25352311134338 68.48299378055174 0 0
69.91567175983442 71.54801973457121 0 0
71.55897617340088 71.97629698539153 0 0
73.16045165061951 73.27888011932373 0 0
75.64280900705023 75.75723020456606 0 0
80.448649822128 80.7624783501286 0 0
81.84228508127391 81.85964477084369 0 0
83.25771416406113 83.98276567459106 0 0
84.25451483932352 84.30592606332831 0 0
85.86975732331473 86.99883818626404 0 0
91.81028667181907 92.6175521761192 0 0
93.05978496524307 93.1633472442627 0 0
95.98109722137451 96.68888449668884 0 0
97.57419565039595 97.58222373402332 0 0
99.54899059434108 99.85383261268792 0 0
37
1.316812393530362 0.1321523237798488 0 0
6.104779878346812 1.455341139243244 0 0
6.260549639311098 5.392043666002325 0 0
9.743443386967284 6.184073778088546 0 0
10.19676327705383 6.808620691299438 0 0
18.67205643395143 10.37740707397461 0 0
19.07939910888672 18.8567918696609 0 0
28.34181172439948 19.86441016197205 0 0
28.66644859313965 28.11114622577918 0 0
30.16564846038818 28.40143891907606 0 0
35.06339164942185 28.7092419923661 0 0
39.51982426654888 30.87300658226013 0 0
40.61406586504265 36.47546825731638 0 0
41.53943206812727 40.59011936187744 0 0
42.26840138435364 41.19208095060145 0 0
42.6378071308136 42.05562375016989 0 0
43.75045679238242 42.62486729547098 0 0
44.76971831830115 42.67109036445618 0 0
45.42691707611084 44.29432996087491 0 0
47.06951489758204 44.95720204805611 0 0
60.26274591286764 45.76369524002075 0 0
60.75589605234085 59.0418432160544 0 0
63.3088415017321 60.45885231863888 0 0
65.8374902212875 63.29385103538402 0 0
67.74415923449629 63.42379781425016 0 0
69.69194125003494 65.93943129369251 0 0
76.16272568702698 68.05006594340419 0 0
78.5832479127468 71.10447209178163 0 0
85.67761511874835 76.1677809603782 0 0
87.46995568377667 79.17340715316402 0 0
89.04328601921779 85.90264282340114 0 0
92.99431879371666 87.79412239295154 0 0
94.06570105188692 91.14195704460144 0 0
96.32515393287369 93.57111616987839 0 0
98.40946864304257 96.17376327514648 0 0
99.57026167087812 97.0618509989157 0 0
99.98857882836367 99.45494212521841 0 0
33
0.506061315536499 0.5097652369300709 0 0
0.9924622241769043 0.9742186183633502 0 0
1.463174819946289 1.322624692827103 0 0
2.005212087776591 1.47658970043446 0 0
5.584557546993118 2.225558137078016 0 0
6.878459453582764 5.975144160126008 0 0
28.32809986689426 9.582012334430567 0 0
29.00303330367219 28.56043577194214 0 0
33.11142325401306 32.98926712890547 0 0
36.89218163490295 34.61707830429077 0 0
41.03105068206787 40.33198586291739 0 0
43.30821551125442 41.23995835941982 0 0
44.08813357938907 43.87495161330486 0 0
46.36197763968519 45.01608758490944 0 0
48.15611541586897 46.39434563495013 0 0
50.03161322809481 48.30146954491875 0 0
62.98530255294183 50.6407864359994 0 0
65.1091748197657 63.11304398778502 0 0
67.08428130392745 65.82777299770854 0 0
69.11666814463287 69.10507707645574 0 0
69.97490908501381 69.40549156350059 0 0
71.08862903885083 70.52650451660156 0 0
71.72014117240906 71.62970711138705 0 0
72.05113172531128 71.74165225132839 0 0
75.90698599815369 72.32019857143764 0 0
80.32298095634188 80.25243282318115 0 0
81.53890487975275 81.49504065513611 0 0
83.28320384025574 82.86452536313877 0 0
90.99415819576843 90.44808679532464 0 0
95.32179398646858 91.72520154056288 0 0
95.76771525309915 95.62035202980042 0 0
98.1957391093526 96.26301792933276 0 0
99.50209981366835 98.91090587192934 0 0
42
3.142553567886353 6.820565462112427 0 0
6.675475835800171 7.246736177970803 0 0
7.995673139795643 8.451547545962994 0 0
8.785788327098688 8.906036615371704 0 0
10.56105344487997 13.32268347381041 0 0
18.30878257751465 17.01418028919691 0 0
19.62176418298007 19.23453372493144 0 0
21.42470417581068 21.23119831085205 0 0
24.59921037728647 23.80062341690063 0 0
28.51116464246975 28.89583233528299 0 0
29.17006015777588 33.69703070084752 0 0
40.01113542954017 40.53291115343714 0 0
40.75887799263 41.02756452435975 0 0
44.62119112364892 44.89350200681039 0 0
45.18751003233236 45.52833700637097 0 0
47.34993512109469 47.35029811589072 0 0
47.37743500279765 49.78325954733138 0 0
50.52428780920488 51.88525275169498 0 0
53.09038162231445 53.28017473220825 0 0
54.72196340560913 55.26018738746643 0 0
58.1139157295317 57.68746733665466 0 0
59.12612205388213 59.40751567412493 0 0
59.49323157045151 59.92670687807117 0 0
60.72676418836249 60.97249988616149 0 0
61.82638220591311 62.26710137221289 0 0
62.74128793313098 65.20794523025295 0 0
66.11475096731292 66.79524947254411 0 0
69.18151448081937 69.23075167101995 0 0
72.66108709132773 74.36458077339724 0 0
74.54392848588027 76.15625588023561 0 0
76.27162933349609 76.44682953856673 0 0
78.00362189268988 78.05958494523024 0 0
81.23791883155616 81.54354856287276 0 0
83.37647914886475 85.93156193705127 0 0
88.61679434776306 88.64927291870117 0 0
92.49373078346252 92.85397545771482 0 0
93.45489855740101 93.97280561552654 0 0
94.04527117117783 94.04646452541918 0 0
94.3296242792818 94.43695650769605 0 0
94.848675299951 95.29210892865811 0 0
96.01774982704784 97.55344390869141 0 0
97.59333355689871 97.96156287193298 0 0
36
0.9838759899139404 1.503962278366089 0 0
7.531553506851196 7.820355892181396 0 0
9.313886996614011 9.596220025796853 0 0
13.59149959177052 13.80734443664551 0 0
16.62533411911657 16.78599715232849 0 0
21.24986566933187 21.6184004197585 0 0
22.79278635978699 22.81165719032288 0 0
29.03134518413047 29.069852433001 0 0
31.19652729745381 31.39922757009219 0 0
32.81698226928711 32.86668062210083 0 0
34.30324196815491 34.57022905349731 0 0
35.43325304599421 35.51084612362353 0 0
35.73912382125854 35.85635398804297 0 0
37.32113838195801 37.86993838800211 0 0
38.57423809782863 38.66596567265189 0 0
42.66400337219238 43.73050928115845 0 0
43.75753197277952 44.06313750497382 0 0
46.88182447060065 47.00938691124171 0 0
47.78279529459122 47.84798742727602 0 0
49.83748711526502 50.07559613634451 0 0
51.84997916221619 51.9111062633334 0 0
57.14750447224286 57.16246247305723 0 0
59.71342085712097 60.6673283733374 0 0
60.96715444761984 61.7203632996717 0 0
61.88220508957766 61.98969364481641 0 0
63.11594345751769 63.5376513004303 0 0
67.7437359640107 67.78285771532842 0 0
68.09784559298561 68.12015243880137 0 0
71.38915876478087 71.68667316436768 0 0
78.02852072747274 78.87949928494216 0 0
82.03660249710083 83.12006592750549 0 0
88.21912685752017 88.26738637285153 0 0
89.76002611715059 89.76836015147877 0 0
92.40095019340515 92.59577989578247 0 0
98.17548394203186 98.65502119064331 0 0
99.32843446731567 99.65630640237428 0 0
32
0.9624812423312488 1.207624858160211 0 0
1.896429061889648 1.973331937260295 0 0
3.474885225296021 3.954321146011353 0 0
15.92052578926086 16.48109555244446 0 0
16.51033163070679 16.5412962436676 0 0
17.16972589492798 17.47004405131491 0 0
19.36210989952087 19.81619596481323 0 0
21.56301869606933 21.70514410070043 0 0
22.44524379567855 22.51976239267338 0 0
23.20770568994804 23.52791113774109 0 0
24.81436543916114 24.91810917854309 0 0
28.79020280828568 28.8556252298945 0 0
30.01195064373134 30.14844635489109 0 0
34.99006209866214 36.38064455654926 0 0
36.4319717968249 36.58802376157558 0 0
39.99312608147084 39.99496233577313 0 0
42.03936831970639 42.1753699040238 0 0
46.14432295260755 46.192562988529 0 0
46.86445152118156 46.9294191685665 0 0
48.09092283248901 48.45373630523682 0 0
51.1883884736708 51.27431694851582 0 0
52.13736645284935 52.43276357650757 0 0
52.51861810684204 52.82047390937805 0 0
57.97580295976474 58.04614424705505 0 0
63.65512440137818 63.93280823146817 0 0
65.75577605995207 65.78389406204224 0 0
70.14170280093269 70.54793075826922 0 0
72.02023291251335 75.51794648170471 0 0
76.21061819868402 76.33232878769046 0 0
87.10812431402374 87.13626861572266 0 0
91.28465056419373 91.4050281047821 0 0
93.43904144716024 93.58783182463932 0 0
