# Status file for ctqmc. Used to save all times t_s, t_e.
8
7
46.17818102787297 46.22108340263367 0 0
46.82190086428972 46.82380603410552 0 0
54.34368087004273 54.6367654712904 0 0
65.47527313232422 65.61121940612793 0 0
74.87613558769226 74.87646341323853 0 0
75.60689196256205 76.30058707539494 0 0
76.47831327732462 76.532434090214 0 0
9
0.7216513156890869 0.6962954998016357 0 0
8.931475877761841 8.334726095199585 0 0
14.56069411392455 14.64694738388062 0 0
27.77479887008667 27.84751653671265 0 0
41.25084369071817 37.85684062307872 0 0
41.52885776307203 41.44344923760354 0 0
41.98107123374939 41.89631938934326 0 0
70.21998167037964 70.23523449897766 0 0
85.41423327116995 85.91757416725159 0 0
30
0.5612354128381685 1.314864117194962 0 0
1.923656463623047 2.250748872756958 0 0
4.731255769729614 7.55270100153215 0 0
8.201822533810171 8.506536483764648 0 0
8.598382213404134 8.975593124076871 0 0
9.220858935521081 10.0516176463982 0 0
10.28653979301453 10.69855690002441 0 0
12.73894868126497 14.13409113883972 0 0
17.52443313598633 17.90959728622248 0 0
24.03630018234253 29.38061413697975 0 0
30.08440768585773 36.91920042037964 0 0
39.20835256576538 39.33457569581313 0 0
43.79314553520892 44.24115288881072 0 0
46.11104726791382 49.9386191368103 0 0
50.08729696273804 51.3399613275696 0 0
55.55049777030945 56.06380105018616 0 0
60.45146584510803 62.66457792311692 0 0
63.75434352705526 63.95187004220533 0 0
66.37580990791321 66.39897536511175 0 0
66.44967794418335 68.29781741359683 0 0
68.9310275991548 70.25833129882812 0 0
70.48964222152578 70.55676386954498 0 0
72.99470524214584 73.85888630932443 0 0
73.89254913255161 74.29467799510454 0 0
77.7054554196569 79.5800726310255 0 0
81.2910258769989 83.62913524033841 0 0
83.82263010393558 88.16139959800779 0 0
88.33304641056542 88.70533485365212 0 0
93.48551042913753 93.61687938171883 0 0
98.72189141953045 98.75362991783726 0 0
40
1.308733224868774 0.2533200396915722 0 0
3.85338046969272 3.114116191864014 0 0
5.267923204849898 4.806573664315541 0 0
7.248164864637864 5.728673934936523 0 0
11.41197407290459 9.645191356582927 0 0
12.6656174659729 11.50569342432367 0 0
17.35193221021766 14.26613564210255 0 0
20.42877078056335 17.72531270980835 0 0
24.23815557310505 24.29432193621759 0 0
26.6408839616689 26.63628720228477 0 0
27.00730901632404 26.77573960097434 0 0
27.17391928148191 27.01272839012765 0 0
28.96583739553724 27.19636909324011 0 0
30.79056422432334 29.17281396857631 0 0
30.93463182449341 30.91853122867995 0 0
34.72508788108826 31.96148634205717 0 0
39.13483619689941 35.42300103103444 0 0
42.12976945385898 39.64143991470337 0 0
44.38701264183433 42.49627248638206 0 0
48.20442199707031 48.04899883020499 0 0
48.66635668468611 48.26083456809588 0 0
49.38080906867981 48.99685978889465 0 0
50.82346353623996 49.41678565331243 0 0
51.25517681144147 50.82428700081371 0 0
58.41599177258485 57.60856697374693 0 0
61.06524303895259 58.4549195301092 0 0
67.84023539980055 61.16648316383362 0 0
71.45589160084594 69.73403692245483 0 0
77.04268393910229 71.68767804097197 0 0
79.16246267066111 77.56531693194222 0 0
80.94208240509033 80.59283118338824 0 0
84.21334326133163 83.5022509098053 0 0
89.20061464877467 84.8636092256566 0 0
89.78583945289181 89.5870640595182 0 0
93.2474345084037 91.19262789810716 0 0
93.40471625328064 93.28119722820036 0 0
94.75747376896146 94.52300139826522 0 0
96.22342349222806 94.86498871514773 0 0
96.27382594343135 96.23616659856484 0 0
97.893064001261 96.64447193376233 0 0
42
2.225040443216568 3.192603530652597 0 0
5.923442891778551 5.989241600036621 0 0
6.35908842086792 6.902611255645752 0 0
8.443546156772298 9.317224121861509 0 0
10.71179824495015 11.22626996507761 0 0
11.94075506625822 12.31319610763157 0 0
12.49192601144356 12.86248237370299 0 0
13.32298693761668 13.38236331939697 0 0
13.70843052864075 21.40223145390062 0 0
21.54252223419503 22.52179937884116 0 0
24.56327528971368 24.64202356796804 0 0
24.74662069832356 25.22289752960205 0 0
28.80953550338745 30.13496594036927 0 0
33.66919356259291 34.54304909997459 0 0
35.58337689370714 35.61300441351639 0 0
37.45229403607639 37.59607819626281 0 0
37.65044808387756 40.20722764878721 0 0
40.33137523621519 40.68752132477016 0 0
41.46268367767334 41.51148720635168 0 0
42.28896343358232 42.71330106991142 0 0
45.62121375984784 45.96065878868103 0 0
51.2122726290766 52.04253692191577 0 0
54.12095785140991 54.17244434356689 0 0
55.50035048738769 55.84319350007237 0 0
55.96054162109565 56.10479772342482 0 0
58.46628230806102 60.17949801802842 0 0
60.35344005760166 60.43123304347455 0 0
60.96052998174831 61.23568526141295 0 0
61.54690837674283 63.74715378653403 0 0
63.92414942881806 67.97260952794583 0 0
67.98988217640019 69.98662690962871 0 0
70.55715786563589 71.22489025206067 0 0
72.23391883707934 72.25113853781228 0 0
74.30681439989301 76.65389164123039 0 0
78.33912782184444 78.52334579866708 0 0
88.8713818659706 90.08302092552185 0 0
90.34552574157715 91.11718052823043 0 0
91.43895655734721 91.98366403579712 0 0
92.68265697250516 93.09375882148743 0 0
94.18509861508953 94.92648243904114 0 0
96.83868020914126 97.60133028030396 0 0
98.13115051712114 98.26730104495738 0 0
41
1.08910506457378 1.077454823479229 0 0
1.3076938197625 1.214456558227539 0 0
6.176048266797439 5.407090985301721 0 0
13.46605612302071 13.24351461431753 0 0
13.72069525144254 13.48393197596639 0 0
16.19266271591187 14.25673980858855 0 0
18.7895341550405 16.38382554890119 0 0
20.26771903038025 19.98354116407522 0 0
22.22100203646349 20.33392560289528 0 0
22.62653112411499 22.58361577987671 0 0
25.323722583191 23.36649894714355 0 0
28.84816527366638 25.68703196465976 0 0
29.77877259254456 28.89531687159766 0 0
31.17175942419266 30.55844306945801 0 0
39.51416624249457 31.53447472175902 0 0
44.23316121101379 43.69445084048404 0 0
46.52977137656132 44.89367652193662 0 0
47.90128924476057 46.53506838099297 0 0
53.70398269964285 48.94680737584696 0 0
58.16867351531982 57.1280915804797 0 0
59.31498934805654 59.49359726201841 0 0
61.99470050920974 59.79298949241638 0 0
62.52713246198114 62.10939288139343 0 0
65.65613746643066 64.10499215126038 0 0
65.98696112632751 65.9579390315443 0 0
69.21402215957642 66.40774781563647 0 0
70.23558484851414 70.1786339084094 0 0
76.46026015281677 74.97086503390636 0 0
80.14649152755737 77.15486264547073 0 0
81.17451299244162 80.36641478538513 0 0
83.5523784025537 81.26978874206543 0 0
84.61309921829172 83.71984152166193 0 0
84.85241417818452 84.68518691797081 0 0
87.36370485682296 85.43993680014623 0 0
88.90391787834808 88.36938411069609 0 0
89.68329142297578 88.94342141396605 0 0
90.59818983078003 90.59539083271669 0 0
91.21851150411828 91.08357566042197 0 0
91.88995079878897 91.72301310872899 0 0
92.41947648037184 92.30358251202581 0 0
94.33874323624323 93.30066825681915 0 0
30
1.848720736471464 1.937712998498853 0 0
9.637689233148867 9.684165443596271 0 0
13.27436002422866 16.94283620490192 0 0
18.71854604814484 19.25915479660034 0 0
20.00876609526323 20.09795298466095 0 0
22.66854643821716 22.67338633537292 0 0
27.91960814305304 28.70302200317383 0 0
30.47887817256271 31.91843725554369 0 0
32.11205208283231 32.60544826216458 0 0
34.60549280790222 34.74460578779532 0 0
35.84120273590088 36.29180061307659 0 0
38.08844331059188 38.58888683934317 0 0
39.85372573596644 41.53684543343781 0 0
43.08244585990906 43.92011954735459 0 0
44.03996473705629 44.36582199427431 0 0
44.61592747391084 44.62950230617587 0 0
59.1427704664382 59.86179113388062 0 0
63.38152885437012 65.93313217163086 0 0
68.17013774489892 68.39916855994473 0 0
71.5298870306833 71.6500461101532 0 0
72.86509505987307 72.93127179145813 0 0
74.33786988258362 75.52208275058359 0 0
77.04402337754561 77.05279468042866 0 0
77.19837292105528 77.401541416108 0 0
80.16459345817566 80.70703099255427 0 0
85.1915250391265 86.54619098350183 0 0
88.18605542182922 88.26016309170645 0 0
93.15112233161926 93.4432921117709 0 0
93.82530972706381 93.92637753441377 0 0
97.93167063961936 97.96047210693359 0 0
37
0.3246888042429528 0.7431645352945719 0 0
0.8887830218340699 1.986573784241018 0 0
2.5710285734306 2.572965621948242 0 0
3.595366919180286 3.624998138740226 0 0
5.824240950111725 5.878841227156629 0 0
6.655678515893383 6.918185949325562 0 0
8.220730967330615 8.389794826507568 0 0
9.905225038528442 10.16409397125244 0 0
11.65040135383606 12.38859891891479 0 0
18.75149576540768 18.79323469721744 0 0
22.02180408331813 22.36520648002625 0 0
28.89759833171119 28.95054689266132 0 0
32.83489348108757 33.66730193711867 0 0
35.25108382967694 35.40012836456299 0 0
37.2313916683197 39.05702829360962 0 0
42.22433137873148 42.35909254615005 0 0
45.14203307664669 45.55231348460946 0 0
47.57464486732451 47.76098003461227 0 0
49.01691807808288 49.39024661060394 0 0
49.82210397720337 49.93206262588501 0 0
56.38231842429534 56.57976865768433 0 0
57.56068969008108 57.83578300067744 0 0
61.36314801065803 61.63965038760791 0 0
62.14681615685883 62.2139732911641 0 0
65.64359654172378 65.86174378125321 0 0
66.27811193466187 66.32431149482727 0 0
68.64117381879637 68.98173750658442 0 0
72.19011187553406 72.22785032337811 0 0
75.14877319335938 75.18983483314514 0 0
76.84863471183156 76.98273864659178 0 0
78.07456393736882 78.17985259987513 0 0
79.33299541473389 79.37058883178452 0 0
79.66620028594207 79.73225116729736 0 0
86.69170737266541 86.99999219276862 0 0
87.04877564243449 87.30211346874074 0 0
92.37561225891113 92.461097240448 0 0
97.87476776072803 98.21590069882861 0 0
