# Status file for ctqmc. Used to save all times t_s, t_e.
8
1
5.386370420455933 5.120277404785156 0 0
2
2.614462375640869 2.730965614318848 0 0
52.37884521484375 52.69871354103088 0 0
37
2.218818664550781 2.831345796585083 0 0
3.931252721527691 3.967785835266113 0 0
5.185471093347081 6.296415296771219 0 0
6.289440393447876 14.49235867099903 0 0
15.12811183929443 15.26632905006409 0 0
16.01174823910405 17.180997133255 0 0
17.52493285278284 17.81877759880217 0 0
19.1308319568634 19.48390603065491 0 0
20.53438331969196 20.62095752097655 0 0
21.59944531550652 21.98573764102228 0 0
22.49690630894076 22.8106677532196 0 0
23.03433442398046 27.66773185994115 0 0
29.09258673028875 31.81205170981204 0 0
34.40689444541931 34.70256328582764 0 0
34.97629761695862 39.51239585876465 0 0
40.39119237709902 40.67870074211672 0 0
40.72932004928589 42.51723289489746 0 0
42.61305356802996 42.69038170715172 0 0
44.78586680789837 48.64481091499329 0 0
48.49205613136292 60.30775125587039 0 0
60.62239982767276 61.2049197284376 0 0
61.26449888056378 61.28854421520611 0 0
63.11158414026691 63.68590593406681 0 0
63.87833204020868 64.62155453628353 0 0
65.04688858985901 65.15224247846153 0 0
68.11240095951999 68.36764107780212 0 0
68.97441898704676 70.01908358882096 0 0
70.06810307502747 70.41121560696239 0 0
70.74192571634458 70.81721852701573 0 0
71.24737334658381 72.76596410052687 0 0
72.59771520102878 75.80574991315952 0 0
76.06420840308319 80.42678236961365 0 0
80.34706115722656 92.46628716150893 0 0
92.85675077531971 94.0030610472112 0 0
95.71824073791504 96.05746771566371 0 0
97.80846871217237 98.12638494800767 0 0
99.45789575576782 99.57295656204224 0 0
44
0.3799197571704946 0.8799489356724368 0 0
1.26121386983165 1.427796216967684 0 0
2.245188380750211 2.641846464221829 0 0
5.143480623078742 5.206558170949907 0 0
5.574134296482116 6.394380331039429 0 0
6.349227167904487 6.926745516108584 0 0
6.840663142894616 20.56455458059274 0 0
20.98285032360326 21.06196469579658 0 0
21.18164910369121 21.30050234573837 0 0
21.30927473631033 21.47514664582727 0 0
22.22922991454443 23.30569873056644 0 0
25.64648688527206 25.98629220898286 0 0
27.09517041329885 27.11776039427697 0 0
28.27760887819894 28.29569098696468 0 0
28.85324106816909 30.37576926613337 0 0
32.43613243103027 32.64642579208771 0 0
32.76175582193582 34.13797019639971 0 0
38.66913593590886 39.22293782234192 0 0
41.030655597143 48.54575566440621 0 0
48.21353181804527 50.75627565383911 0 0
51.19127631187439 56.70642256736755 0 0
57.31201135447463 57.4440793952121 0 0
58.86833071708679 58.89565944671631 0 0
62.53256797790527 62.56754995814013 0 0
63.69025707244873 63.8729878704769 0 0
64.85353226306781 65.21523967486281 0 0
66.47988186823984 67.47001574259595 0 0
69.56761419191739 70.29581072507902 0 0
70.57742746787017 70.74551582336426 0 0
71.3320006078701 73.54739308357239 0 0
73.13815892822701 74.60840412798375 0 0
75.11057865061409 77.19843492044572 0 0
77.57473270898285 77.9318349377286 0 0
78.19619509062703 78.47122610112184 0 0
78.75035874113539 78.91263504774409 0 0
79.68321796735485 81.11029709741213 0 0
83.48775200627279 83.67262788673534 0 0
86.25494355017041 86.38628125190735 0 0
86.58426883415979 86.70621823313877 0 0
87.08683741756199 88.72837670830856 0 0
91.77900723404773 91.81025008016707 0 0
94.32221205624718 96.31506025169219 0 0
96.53647286329141 98.73476803524589 0 0
99.02858734130859 99.59908191178026 0 0
34
2.508431673049927 5.515133363627456 0 0
11.95376171214874 11.96368932723999 0 0
18.05540936738537 18.91705641578607 0 0
20.18988017172326 20.21114796322383 0 0
21.00453064062375 21.30446606273026 0 0
22.75446653366089 22.9451596736908 0 0
24.78628754615784 25.56809186935425 0 0
25.64559713638804 26.38422616307877 0 0
27.35452336825344 28.43895724031743 0 0
30.36853233782545 32.00333714485168 0 0
33.71055126190186 33.83796545962056 0 0
34.77761731285119 36.37651798730731 0 0
36.39003747158682 37.50120055221763 0 0
40.74352662922394 40.90155499591528 0 0
51.3644814491272 51.74697637557983 0 0
52.14282910945608 52.28161692810929 0 0
52.51957169748982 52.65991434358829 0 0
56.73175659949142 56.82827234268188 0 0
62.44928068068878 63.21766711091652 0 0
64.03822105784802 64.23271298408508 0 0
64.24190402030945 64.88015867928674 0 0
66.02498292922974 66.28906083020945 0 0
68.68005049178662 68.76951781847021 0 0
70.51374531288806 70.52796818175082 0 0
70.64098715782166 70.97598679369449 0 0
74.32659105637991 74.36465321549646 0 0
75.019423294128 75.08998397867495 0 0
76.12725204554236 76.46803942145027 0 0
77.51790112795263 77.66917095580615 0 0
79.24119574253837 79.67759895548571 0 0
81.56306476937229 81.53926730155945 0 0
90.26942253112793 91.59629518582985 0 0
94.19774858933013 94.5750297243264 0 0
96.4114833286194 96.96239343703132 0 0
40
1.876651216695993 1.511717803362394 0 0
1.899596945307153 1.89541675230243 0 0
2.669159070817827 2.238366499343779 0 0
4.921697758203251 3.054434752996053 0 0
5.294537544250488 5.111024719593615 0 0
13.74690099033771 5.521488189697266 0 0
14.53826427459717 13.19154744614343 0 0
17.23151183285611 14.09975180806669 0 0
21.48175835609436 17.45320536007662 0 0
23.31813075982926 21.72804126997098 0 0
24.59023074140282 23.34112302288743 0 0
25.1207611578599 24.83239515841358 0 0
27.60339379310608 25.3725528717041 0 0
28.48872542381287 28.14705967903137 0 0
32.36546487869996 28.62255436089178 0 0
37.56651042037846 32.43229985237122 0 0
38.19490994458612 37.7357006072998 0 0
42.05471873283386 38.21602694071308 0 0
44.58853844225769 42.08089113235474 0 0
47.25110686735238 45.10664400889953 0 0
50.41579604148865 47.33441258703751 0 0
54.29627990931378 51.16274338132057 0 0
55.48311365668339 54.55343127250671 0 0
56.51337019868165 55.69745898246765 0 0
59.15748858518128 57.32975195499245 0 0
59.83882171398124 59.16238044390396 0 0
60.96309264942821 59.91950035095215 0 0
62.31817531095945 61.90638795444067 0 0
63.19561004638672 62.58903480985101 0 0
64.55237001625491 63.42332796220226 0 0
66.15484356880188 66.1229133605957 0 0
81.25186193913484 68.63613998586258 0 0
82.68845842598164 83.17427635192871 0 0
84.0912822104552 83.99947895281765 0 0
84.23557281494141 84.12286735945762 0 0
88.81465196609497 86.18664065189746 0 0
93.15828084945679 89.63490128517151 0 0
93.35607551366678 93.2401716709137 0 0
96.95378541946411 96.70303463935852 0 0
97.06543007126996 96.99320026537333 0 0
34
0.6180675039299437 0.7473767067922599 0 0
1.229849113987581 1.891638217814815 0 0
3.919519243988251 4.206711053848267 0 0
6.837707757949829 7.496547698974609 0 0
11.16905212402344 11.17277145385742 0 0
16.35465338552766 16.42303466796875 0 0
19.48291063308716 20.32105337179716 0 0
20.32236021761946 20.45202777357157 0 0
20.75377702713013 20.92623710632324 0 0
28.07601920201688 28.08386338761314 0 0
30.23048639297485 30.26448790934234 0 0
32.30729699134827 33.02231755685536 0 0
39.82506990432739 39.85732793807983 0 0
40.10273418008481 40.4213482270939 0 0
40.57050347328186 40.646845283381 0 0
42.32334498105177 42.37259548551772 0 0
42.66771198538105 44.91349458694458 0 0
46.14879488945007 46.26332521438599 0 0
46.70470050417244 46.70854806900024 0 0
59.98276931434269 60.15930197319567 0 0
61.24695901948208 61.36175312394551 0 0
61.75759448935238 62.24531721524966 0 0
62.61875237804176 62.75044777859854 0 0
63.97176436930989 64.16582465171814 0 0
65.05584716796875 65.06746271012734 0 0
67.93208736260468 67.99798607826233 0 0
77.70815491676331 77.77595520019531 0 0
80.7850555773411 80.89882144678899 0 0
82.40269350215448 82.59714491020078 0 0
83.60670059227023 83.6968065184534 0 0
92.21497774124146 92.86671280860901 0 0
93.75536441727161 93.82303293741798 0 0
96.14945118906142 96.30236502946441 0 0
96.708744764328 96.81523442268372 0 0
43
0.7315754890441895 0.772172212600708 0 0
1.061385490944949 1.718109896891404 0 0
2.989083528518677 3.332123814068652 0 0
4.341643116244258 5.513233722505076 0 0
9.269417501673047 9.376401003768279 0 0
15.00296559219187 16.16254448890686 0 0
17.13342070579529 17.46006608009338 0 0
20.49295902252197 21.24143838882446 0 0
21.65742473994161 22.03047275543213 0 0
26.34845307508467 26.5653669834137 0 0
28.09142133637254 28.36324390386912 0 0
29.18618129344724 29.19343270837739 0 0
31.5948486328125 32.01262950897217 0 0
35.76629757881165 35.99355816841125 0 0
36.89561824507454 36.97997634635477 0 0
37.14053924518503 37.88250944824227 0 0
38.03960783548948 38.61672037874268 0 0
39.48579777291967 39.60548953294573 0 0
39.78305394332542 40.18869400024414 0 0
43.10621023178101 43.08270812034607 0 0
44.56160311595674 43.23019872474241 0 0
44.66628432273865 44.66447830200195 0 0
53.03353978506303 53.05114984512329 0 0
53.09483810592197 53.45707044500804 0 0
53.90440793862595 53.99805723221321 0 0
54.59973684844336 55.13541578022949 0 0
61.03648162795182 61.52805432549533 0 0
64.44244980812073 64.76051211357117 0 0
65.57859641099655 66.00551009178162 0 0
67.88348002148962 68.01038531613224 0 0
68.0208584525909 68.15267333631542 0 0
71.57278027027982 71.48299491008042 0 0
74.86655116081238 75.0284072310496 0 0
78.31287980079651 78.37963321571166 0 0
78.68066559776743 79.50692239185322 0 0
81.98601007461548 82.06362724304199 0 0
88.31158561553788 88.59158010189178 0 0
89.02651071548462 89.3065333366394 0 0
90.66746593732859 90.67654609680176 0 0
92.25128070412951 92.2615051683961 0 0
94.02334349192628 94.26397219108247 0 0
96.62060042618705 96.81522902205839 0 0
98.90735127929055 99.28583994544827 0 0
