# Status file for ctqmc. Used to save all times t_s, t_e.
8
1
93.10458302497864 93.33624839782715 0 0
4
4.905706644058228 4.684823751449585 0 0
39.13560509681702 39.14229273796082 0 0
59.52039957046509 59.48488712310791 0 0
96.51479125022888 96.3578462600708 0 0
44
2.003268399182403 1.077248518987432 0 0
2.786630392074585 2.085991537535824 0 0
11.05651512766341 12.56040160857921 0 0
14.33305066501944 18.42744625756511 0 0
18.67600108650722 19.52725916692166 0 0
22.8365421295166 23.04771871054954 0 0
23.48352980143633 24.94276587568206 0 0
25.15452190556428 26.31491528191001 0 0
28.6404550075531 28.69761841548181 0 0
29.08980130500276 29.13126349449158 0 0
29.19489344967555 29.83923554420471 0 0
31.13324046134949 31.60625100135803 0 0
34.40697985649054 34.50556614340859 0 0
35.0492797256955 35.50962521189543 0 0
35.70916291470597 35.81233051971271 0 0
36.13306313414337 36.15700273007013 0 0
36.79150938987732 38.68935704231262 0 0
38.59531879425049 40.03219604492188 0 0
40.01502990722656 40.3157153273873 0 0
40.29353872507286 45.89275121688843 0 0
47.50178205095548 50.40421485900879 0 0
50.30084432731107 52.42173671722412 0 0
52.96515831415789 53.84653806686401 0 0
56.9600522518158 57.79210329055786 0 0
60.36664826531108 60.52153800812872 0 0
60.67748665809631 60.83323868075553 0 0
63.73165332553622 65.01474380493164 0 0
67.20007658004761 67.93081959355895 0 0
68.02530884742737 72.36711539882847 0 0
72.68794864567437 75.49139857292175 0 0
76.20495296451685 78.024982821208 0 0
81.44113600014501 82.13182592111892 0 0
82.65866818228628 84.19742195667666 0 0
87.19850355691537 89.36762761172999 0 0
90.32793045043945 90.96472859382629 0 0
91.35111907430115 91.7201042175293 0 0
92.08211302757263 92.26985573768616 0 0
92.59252406615722 92.66301058022677 0 0
92.87142471243527 94.30510272689473 0 0
96.01082801818848 95.61541080474854 0 0
97.67048662180746 96.95618102415541 0 0
99.12362263288938 99.1038594339341 0 0
99.76578235342686 99.21495626379301 0 0
99.98779340448365 99.8807453410441 0 0
37
0.3858327865600586 4.198265075683594 0 0
4.025363922119141 10.00478267669678 0 0
9.774759658483845 16.82196855545044 0 0
16.65905714035034 17.70148873329163 0 0
17.05148283586347 19.16098594665527 0 0
19.11699057173529 25.58584213256836 0 0
21.46703742576124 29.65077280066861 0 0
27.24963426589966 30.91444373130798 0 0
30.079966536267 33.19414359112921 0 0
32.8365814906477 34.15017263517807 0 0
33.71166902786035 43.77111978461154 0 0
43.5417960840723 44.22374285173566 0 0
43.99742804617904 45.66330909729004 0 0
45.64728134427614 46.42931192037416 0 0
46.39372100128551 48.58005844434258 0 0
46.81185483932495 50.21940574581265 0 0
48.80524174843495 51.88903212547302 0 0
50.79859495162964 51.96368098258972 0 0
51.93148506810005 52.66431542265556 0 0
52.21538982152547 52.90728115563094 0 0
52.78532007240612 55.23075211737441 0 0
53.14192047360525 63.00197849235493 0 0
55.11269784485181 63.07073804653864 0 0
63.00591705348902 66.0179969728966 0 0
65.15303055904036 67.74480938911438 0 0
67.72217714442853 68.86928081512451 0 0
68.4239708941524 73.28546643257141 0 0
73.17647337913513 76.3569712638855 0 0
76.34903192520142 78.18199074363342 0 0
77.77130007743835 80.1827770803791 0 0
79.05037658881398 82.68289081670835 0 0
80.67188386838373 82.86017002467642 0 0
82.74953365325928 88.56171994075244 0 0
87.64515715954927 90.73088831504514 0 0
88.55763245697483 93.57679389999274 0 0
93.33061575889587 98.26699495315552 0 0
98.237144947052 99.77642893791199 0 0
37
4.364091168761726 3.869724251837062 0 0
9.798742596021668 8.646607398986816 0 0
13.36384719164687 13.26472163200378 0 0
16.22384031109416 16.21504904726477 0 0
23.79790415798802 22.41661495898297 0 0
24.14165735244751 23.99270279815616 0 0
24.69123005867004 24.22280311584473 0 0
27.66672968864441 24.74504113197327 0 0
28.33609580993652 27.68625020980835 0 0
33.05216431617737 28.69272932665012 0 0
37.83453483837964 33.50165476922196 0 0
42.23573803901672 37.04062323132219 0 0
44.10021162057456 40.5443154572709 0 0
50.05868809878532 45.75961380961867 0 0
52.09765965073478 51.35832034142937 0 0
52.69716765362449 52.13894766799167 0 0
53.3443480751879 53.1845511389726 0 0
55.07391772669473 55.16394500566979 0 0
56.69167637825012 56.27747178077698 0 0
58.9798037490142 56.78883613398001 0 0
61.88643634275739 58.99343528156889 0 0
63.08954361287018 62.11506724357605 0 0
63.89147243197885 63.3897132389836 0 0
65.24463338460086 64.16444129007975 0 0
66.10986248163108 65.7728374004364 0 0
67.13073050477682 66.16930092255016 0 0
69.35644745826721 67.36599278145123 0 0
72.15718047933589 70.33319185012691 0 0
75.66042542457581 72.69701111252523 0 0
78.71384024620056 76.7869234085083 0 0
82.06507135472832 79.14060354232788 0 0
84.20897840058045 83.03809762001038 0 0
90.45398831367493 86.75979805814102 0 0
93.75782813084655 90.65447449684143 0 0
94.81850910547342 93.90985834323429 0 0
96.9457607099467 97.82720804214478 0 0
99.67767596244812 99.77185726165771 0 0
36
0.1143240446640732 0.1227283477678469 0 0
2.537727355957031 2.728642955459445 0 0
10.98366379737854 10.57157544432273 0 0
12.66037279639443 11.29983067512512 0 0
14.03233259424186 13.81678041728431 0 0
18.68759221489957 14.3699023819172 0 0
21.10056281089783 18.73170118291713 0 0
22.79036045074463 21.51778340339661 0 0
23.56148988527544 22.81445264816284 0 0
25.92748288685264 23.6040249940892 0 0
28.28857385319005 28.07199954986572 0 0
29.31708693504333 29.08809664557594 0 0
32.11443861205687 29.88547086715698 0 0
39.51284885406494 40.02990204505922 0 0
40.28080456656242 40.37568627347815 0 0
41.01400655896761 42.07394653381269 0 0
42.19269156455994 42.42080450057983 0 0
46.07478976249695 43.6686414691582 0 0
47.86547416711484 46.11344933509827 0 0
55.97936443518792 49.32049449939385 0 0
58.84778190773365 56.02183078546656 0 0
59.86166182618422 59.34166056692256 0 0
60.30479270736983 60.11018753051758 0 0
61.75503980495649 60.51053404808044 0 0
65.99661391591452 63.66860951349201 0 0
70.76137620400705 67.67520112794023 0 0
71.91895105318054 70.83839693741896 0 0
72.10136651992798 72.10088888999123 0 0
78.10459915427937 72.62166525786427 0 0
78.7905698954571 78.58187367367333 0 0
86.03752851486206 85.12983116258626 0 0
89.81007675988938 86.10316486467494 0 0
92.14986830517495 92.08759490634596 0 0
94.19919344888423 92.89822792944078 0 0
95.21734240735823 95.28982639312744 0 0
98.70810508728027 98.76672625541687 0 0
34
1.671493053436279 1.812309275913505 0 0
4.263130176391284 4.357419089631971 0 0
6.67609542139347 6.791603565216064 0 0
9.304648240257992 9.404414892196655 0 0
9.471862246835478 9.573047548363377 0 0
10.70721616500064 10.91038674806235 0 0
12.24559639766393 12.18923698755751 0 0
14.09798926039706 14.15397478911391 0 0
16.99930967495222 17.0009111590341 0 0
19.03028702540977 19.13666725158691 0 0
19.1611111164093 19.20248189720511 0 0
25.01041266978101 25.38928070545887 0 0
29.9941102941447 30.33697722566571 0 0
30.88334295022937 32.04681652006087 0 0
34.75681479157363 35.46236124999013 0 0
37.01273938864063 37.02736843844271 0 0
37.38158345222473 37.39002010996487 0 0
42.64214038848877 42.6896870136261 0 0
45.79592745540941 46.32043085403819 0 0
49.64200475099872 49.89413161815111 0 0
57.25712776184082 57.30506181716919 0 0
58.68145823478699 58.91733765602112 0 0
60.90847849845886 61.2427830696106 0 0
62.30716705322266 62.99890172590921 0 0
68.43571752535132 68.96696090698242 0 0
73.29172850426764 74.89018384401813 0 0
80.85216652857805 80.95874190330505 0 0
85.2324416919876 85.39913444832847 0 0
86.97134642700702 87.56625544791497 0 0
89.10191655158997 89.60180878639221 0 0
89.94127838172938 90.26822260811396 0 0
93.8878407437377 93.89374477809547 0 0
94.1484090092957 94.27608594561053 0 0
96.20367157660107 96.64867951817894 0 0
43
1.197676116166733 1.762028877289516 0 0
6.680714475925791 6.7045152347245 0 0
6.936031579971313 7.390152209917245 0 0
8.614454476784555 8.922891612074054 0 0
9.039302294736927 9.492449579361484 0 0
11.36599730526263 11.56716413574571 0 0
13.65875005722046 13.80778547991486 0 0
22.31878042221069 22.36716851033938 0 0
24.66713190078735 24.96536374092102 0 0
24.97317790985107 25.17704963684082 0 0
29.18952516716371 29.28053325826854 0 0
29.98159148878209 29.99688739293893 0 0
30.45667756682427 30.48827964838389 0 0
30.53808299317585 31.27958775999955 0 0
31.62578483293221 31.72599077224731 0 0
31.91355466842651 32.14953251171377 0 0
34.63911880484505 35.39898972685226 0 0
35.57026386260986 35.76071764542734 0 0
37.16433578601936 37.40735487331997 0 0
37.77543139609967 37.94440627098083 0 0
38.46042156219482 38.66519284079529 0 0
43.43749284744263 43.46068953663677 0 0
44.03179012632457 44.09727454185486 0 0
45.67254185676575 47.13062853523411 0 0
47.92064728108123 48.96076634174149 0 0
49.0813672542572 49.19595718383789 0 0
51.35840282776659 51.7727603747675 0 0
62.70991076236358 62.86316514015198 0 0
63.32793605666281 63.4880131988042 0 0
64.74337577819824 65.60611128807068 0 0
75.4784311883577 75.76234576698883 0 0
76.04896676515196 76.16444054165437 0 0
76.81423646994749 76.94811294090871 0 0
80.36251769017466 80.36370419966697 0 0
83.33795454329643 83.58195424079895 0 0
83.94604325294495 84.06335233090198 0 0
87.47571441134654 87.69737652138963 0 0
89.67702226679152 90.03476604522976 0 0
92.42480843847359 93.18785503953957 0 0
94.48150396347046 94.78985667228699 0 0
96.51973586876882 96.53860926628113 0 0
97.79059523961941 97.8715717792511 0 0
98.79251601343027 99.4483871092547 0 0
