# Status file for ctqmc. Used to save all times t_s, t_e.
8
6
15.26413559913635 15.32635688781738 0 0
35.9832763671875 36.13499402999878 0 0
42.02480912208557 42.14020371437073 0 0
47.83831424127634 48.26442003250122 0 0
60.31601428985596 60.31016111373901 0 0
91.70176982879639 91.70624613761902 0 0
3
25.37018060684204 23.23920726776123 0 0
66.53299927711487 66.53779149055481 0 0
82.0510227702691 82.31929540634155 0 0
43
0.9899128602644822 2.986615896224976 0 0
2.988202962023265 4.142820546610744 0 0
4.468139546298286 6.381905131819821 0 0
8.746916055679321 9.326756000518799 0 0
9.371829032897949 9.372848272323608 0 0
9.670458968488907 11.83931231498718 0 0
13.04993702113692 13.06012171658429 0 0
13.08492422103882 17.03951046809046 0 0
16.6272759437561 19.38489624836916 0 0
19.36711802418397 20.91472148895264 0 0
21.05146405534314 25.35895705223083 0 0
25.09054859912687 26.22556603284153 0 0
26.38265490531921 26.84700389333765 0 0
27.03504297405546 29.62154127815235 0 0
31.47893512434976 32.5043797492981 0 0
32.61564970016479 32.64105894076687 0 0
33.74570007212938 33.96843080440294 0 0
34.12597368930677 34.91721749305725 0 0
36.42450571060181 36.75132899380618 0 0
38.12811374664307 38.14657926559448 0 0
38.88458535088049 45.59107465372131 0 0
45.69585919380188 54.67584477922621 0 0
54.69907654406791 54.71832781116506 0 0
54.73848291835122 56.46750699255564 0 0
60.5713963508606 60.62059998512268 0 0
62.77915176446811 62.86171078681946 0 0
63.00531625747681 63.76653978797355 0 0
66.37483239173889 66.08337927799539 0 0
69.89838530021179 72.28114008903503 0 0
73.91981232909461 75.74283977011085 0 0
77.10970498423998 77.38262299211317 0 0
79.01798486709595 79.61161136627197 0 0
79.72522858318843 80.43575291507636 0 0
80.78141710754046 80.81902265548706 0 0
82.50665024250891 88.59706623995235 0 0
89.00710055774276 89.83238552138023 0 0
91.28802185208012 93.59397146378761 0 0
94.54285921412658 94.63674118779325 0 0
96.30347426038178 96.42506010972073 0 0
96.65896892547607 96.96334140852392 0 0
97.17255234718323 97.40728152808353 0 0
97.78660999881197 97.87556499185551 0 0
98.8034131038449 99.20434355735779 0 0
41
0.4807949515752826 0.6993762397206769 0 0
2.376309497811427 2.443700829456625 0 0
2.824299807112991 2.847528457641602 0 0
3.24721457626728 3.877037763595581 0 0
4.957663978825168 4.977673292160034 0 0
6.537223228775799 7.641661167144775 0 0
8.023780584335327 8.200526237487793 0 0
11.98129057884216 13.40081340546422 0 0
13.75835441954329 13.96954266054422 0 0
14.00708308534726 15.35899639129639 0 0
15.34779237202852 17.4767065480296 0 0
17.45195060194955 17.72510409355164 0 0
17.69395470619202 20.26335029923683 0 0
20.06906867027283 21.89978361129761 0 0
23.54708909988403 24.39909557279629 0 0
27.39136766384618 27.46297524041561 0 0
27.86774811743447 27.88728475570679 0 0
33.10811985490594 33.15430283546448 0 0
34.9897027015686 35.42401433457947 0 0
40.44270428638395 40.45069217681885 0 0
40.70917680289819 40.73366838545797 0 0
40.99486136386903 41.56475067138672 0 0
41.99279250084719 42.71786228555357 0 0
42.86076283251803 42.89910793304443 0 0
44.68834365808906 44.71682446072691 0 0
45.94845388832876 46.13121901880989 0 0
48.33452701568604 48.91590384582307 0 0
49.14254225746717 49.58860881228185 0 0
50.01667737960815 51.1005759386677 0 0
52.54229307174683 53.48005779210933 0 0
69.6042632305293 69.71715750234847 0 0
70.63978591426515 71.15172405345248 0 0
71.25344776851021 71.85354232788086 0 0
72.58734703063965 73.82529973983765 0 0
86.54699325561523 86.63289822113693 0 0
90.64947189288063 90.6952440738678 0 0
92.77072593308444 93.10557246208191 0 0
94.05016899108887 94.44133639335632 0 0
95.36303281784058 96.17070555686951 0 0
96.22430205345154 96.44621610641479 0 0
98.79862608533554 99.88902358655801 0 0
36
1.664365165392212 1.709331887563188 0 0
4.465819194829379 4.540659081342439 0 0
5.980445328940074 5.353492498397827 0 0
8.010264056189753 12.38400340080261 0 0
14.06890749931335 14.95556643829654 0 0
20.87588906288147 20.98351141312883 0 0
21.84841632843018 22.35167518198768 0 0
33.44027400016785 34.64909106011186 0 0
36.83081420533001 37.64834784442061 0 0
38.33957036453606 38.35339692535634 0 0
38.84274363517761 39.57428394951572 0 0
40.68461060523987 40.83884237081675 0 0
43.74391859250441 43.94114996167316 0 0
44.8762606290794 44.99728083610535 0 0
46.64533938786418 47.17918411492556 0 0
48.77337980838742 48.86056942028608 0 0
49.57218766212463 52.13409733073229 0 0
52.47435925674857 52.64167302168622 0 0
53.48355476988051 54.23087110969474 0 0
55.05112483024229 55.14845741890723 0 0
55.46517017923336 56.32553696632385 0 0
56.60654306411743 62.5783571102554 0 0
62.55857509581566 66.36976245039941 0 0
66.05133437509073 72.34760522842407 0 0
73.77971410751343 83.96373987197876 0 0
84.15714016134893 87.74151651509503 0 0
87.79808782077788 87.85786032676697 0 0
87.89268539879981 91.52703812143891 0 0
91.35631047295561 92.02432818771862 0 0
93.67892742156982 93.69229358285492 0 0
94.76490880102804 95.42518624338911 0 0
96.62231950647198 96.86969842180679 0 0
97.07131385803223 97.23095893859863 0 0
98.15240502357483 98.16066551608556 0 0
98.8179627699248 98.95591001452952 0 0
98.96139750927138 99.02050887371742 0 0
32
8.399001858832696 7.857042410377922 0 0
8.665889501571655 8.476574375057826 0 0
16.06942415237427 9.840797802241953 0 0
22.08128987295197 16.08926653862 0 0
23.97768497467041 22.21571258623321 0 0
34.85122832504572 31.38232068157913 0 0
39.74383473396301 39.2800935889488 0 0
44.08034793021909 40.96101554933109 0 0
47.02185845635716 46.00147542965669 0 0
50.0859777524241 47.34747198125311 0 0
51.05749551756096 50.37010603083016 0 0
54.36230188881907 52.23049521446228 0 0
55.40348291397095 54.56879282951661 0 0
56.44823614115495 55.53419589996338 0 0
58.6850643157959 58.72802138328552 0 0
64.07692473475575 62.74689596728737 0 0
65.84703326225281 66.22318029403687 0 0
71.10377911623047 69.31560437266089 0 0
73.02053163732263 71.15768207371993 0 0
73.4240918509048 73.26903343200684 0 0
73.80959773850421 73.5786121356893 0 0
76.19062066078186 73.89803183093152 0 0
77.46626995443047 76.30709409713745 0 0
80.91158226089566 78.30719599129729 0 0
87.76920437812805 80.97913912715666 0 0
89.29742555463136 87.87287118172515 0 0
91.39314293861389 89.30881943877384 0 0
93.37813857758248 91.50695723226391 0 0
93.71282539645678 93.57424467012417 0 0
95.83754303815022 94.23779765159568 0 0
96.59809328273003 96.38404699901861 0 0
98.89279497432355 98.69119367865436 0 0
35
11.932772397995 12.07538843154907 0 0
12.71979808807373 12.82639503479004 0 0
18.24622948297905 18.26596287709287 0 0
22.19415307044983 22.48621781234479 0 0
23.47238063812256 23.49733710289001 0 0
23.6182689666748 25.0026377617349 0 0
29.0250301361084 29.03271913528442 0 0
29.04984314161759 29.58558201789856 0 0
32.6931893825531 32.73689150810242 0 0
33.05573563070539 33.28941809446835 0 0
35.11719107627869 35.31093395663019 0 0
35.71103821606604 36.7951990539372 0 0
36.86547601542094 36.87838095746162 0 0
37.59627128928447 38.2174079017646 0 0
38.21802735328674 38.50082503039994 0 0
46.25081180320591 46.45231667931569 0 0
47.86943210397984 47.99896741958819 0 0
49.36036701860905 49.45082664489746 0 0
53.1286089466147 53.44252563355099 0 0
56.7892849445343 57.00618624687195 0 0
63.00579592431912 63.22501975247581 0 0
71.32518268387018 71.58617110911646 0 0
72.97676485672601 73.04321921443986 0 0
73.20296590767224 73.43037632057059 0 0
74.0143358707428 74.03507512767189 0 0
78.32497433396668 78.33862900733948 0 0
79.33769822120667 79.39814925193787 0 0
80.27490243564976 80.59535026550293 0 0
85.58870553970337 85.67349430232957 0 0
86.19563537560035 86.298530999785 0 0
87.58734601318685 87.58987076081461 0 0
90.13243379785585 91.13646835726495 0 0
92.47873277633131 92.9231392552385 0 0
93.81690639345345 93.82802844047546 0 0
93.97034645080566 94.33292470759936 0 0
32
4.692387580871582 0.3746486227481918 0 0
5.559925036257596 4.701554775238037 0 0
7.333791255950928 5.957920325982258 0 0
8.478111028671265 7.476512705724378 0 0
20.3214647267191 8.597594499588013 0 0
20.80282501453348 20.49871566274602 0 0
22.36274113464956 21.38068276679283 0 0
26.04860067367554 22.48034838622519 0 0
26.81195483849751 26.05089031387421 0 0
28.91796192595098 27.05455975509503 0 0
30.37222027778625 29.30609478715152 0 0
32.84907117513131 32.07192195915336 0 0
35.64324509341706 33.5359015966398 0 0
37.94965147972107 35.82332036186668 0 0
38.16605806350708 38.05393693441073 0 0
44.83395218849182 38.73748502547156 0 0
47.13833476208242 45.12079954147339 0 0
53.42649316051093 48.69193434715271 0 0
59.4752048655897 53.82964186084705 0 0
61.08667262188148 59.62240792753373 0 0
66.84220382480987 61.38591785432902 0 0
69.80681341543296 66.92602067643574 0 0
70.94227870847631 69.87919717419543 0 0
76.96050575693943 71.16360523977345 0 0
81.5921906138783 77.05777827866434 0 0
83.39781616656811 81.77769633242923 0 0
83.57831002735988 83.43201541513912 0 0
90.0528609752655 83.73318913258458 0 0
93.98589134216309 90.24285078048706 0 0
97.40164875984192 94.02099847793579 0 0
98.89102156618037 98.54030013084412 0 0
99.71490037183344 99.62763154349636 0 0
