# Status file for ctqmc. Used to save all times t_s, t_e.
8
2
11.82920932769775 11.31346225738525 0 0
66.84955954551697 66.85432195663452 0 0
3
1.672887802124023 1.769240821577966 0 0
28.08417677879333 27.98851728439331 0 0
79.5310378074646 79.26722764968872 0 0
41
4.172318985147413 6.192272901535034 0 0
7.259346790949563 10.9081324053997 0 0
11.39171526028499 11.5541104941241 0 0
11.78922653198242 11.8592381477356 0 0
16.47893625070616 16.74893444996219 0 0
17.10218842485217 17.4694734112473 0 0
18.29099692935094 18.35172611300761 0 0
23.68531162381444 23.79259467124939 0 0
26.020844012772 26.13108398681562 0 0
29.91530117494726 29.98354321687746 0 0
32.85022941568465 32.88763336391128 0 0
33.17771521523198 33.60310575709642 0 0
33.9286208152771 34.904185961854 0 0
37.35334198404132 37.78367338965124 0 0
38.23291659355164 38.42502330053446 0 0
40.80791301087385 40.99174539386956 0 0
44.67446249919719 45.04287838935852 0 0
46.12740302325212 47.0229212598619 0 0
47.72369861602783 47.95580506324768 0 0
50.37611492535854 52.59953569359138 0 0
52.64876314939215 55.20843808653375 0 0
58.43750834465027 58.51284231946892 0 0
59.5036529567728 60.11827168119675 0 0
61.10311150550842 61.51318508121193 0 0
64.27736901444447 64.40280675888062 0 0
68.38160157203674 68.87010335922241 0 0
68.88914050457049 69.05003190040588 0 0
72.691343189901 72.8586297115485 0 0
73.22117946339229 76.51007869453413 0 0
78.9832592010498 79.06509342078124 0 0
79.14603352546692 79.73473228895921 0 0
81.22542136299323 83.13706517219543 0 0
85.77468463447207 86.97407841682434 0 0
88.61818313598633 88.78022432327271 0 0
89.05909195154607 89.3729470465049 0 0
92.44661927223206 92.45643019676208 0 0
92.79124880601674 92.79215064651822 0 0
93.55026483535767 93.59568357467651 0 0
93.73252391815186 94.55894827842712 0 0
99.06332720429533 99.22517043968811 0 0
99.76143987624384 99.92654840940196 0 0
52
0.2836107737543183 0.3029823303222656 0 0
0.5674441008479858 4.004248728383754 0 0
6.665453274111625 6.802274722648173 0 0
7.147949934005737 7.693672180175781 0 0
7.787405707662979 7.846617698669434 0 0
7.994604514476072 9.754586219787598 0 0
8.564089844880902 9.874427318572998 0 0
9.797868946301957 14.70472439014911 0 0
14.02006161505051 17.24017094190422 0 0
17.29892055143385 17.34588654280166 0 0
17.4418037957153 17.62051522438323 0 0
17.73521672023622 17.77641511268415 0 0
18.14196496932333 18.17654788623269 0 0
18.6728873327669 18.74056646428319 0 0
19.26247450970374 19.35022047993141 0 0
19.92365717887878 20.27584910392761 0 0
21.51368260383606 22.59063720703125 0 0
23.1754156344414 25.08899370212746 0 0
26.31524580400175 26.39229505519716 0 0
27.51926390326462 27.96909236691012 0 0
29.88905906677246 30.10116685183749 0 0
30.29974812651617 30.35389658386407 0 0
30.81551692949502 31.18797743984488 0 0
32.33687281608582 32.36312866210938 0 0
34.19128909258102 34.32403345489546 0 0
36.77617734434421 36.78915770666786 0 0
37.46775571872372 37.54178557601374 0 0
38.29939139383059 42.49269227085183 0 0
44.56271293528651 44.58338848270038 0 0
45.77944278717041 45.93363404273987 0 0
47.31567044643791 48.82620637290515 0 0
48.84806871414185 48.94052743911743 0 0
49.15941953659058 49.32573285501098 0 0
51.0137098865435 51.01760009012528 0 0
51.33105124239859 52.00443231108153 0 0
52.46101739364163 52.46355279888359 0 0
52.89762119828484 53.0351495869664 0 0
53.03666601730406 54.37700757655273 0 0
57.89737701416016 58.90442728996277 0 0
59.15019137209797 59.39333210677298 0 0
60.41391547986627 60.53614616394043 0 0
61.65975135240663 63.18272948265076 0 0
63.59683275222778 77.39515900611877 0 0
77.40037441253662 77.5988463142042 0 0
77.69464797234839 81.71777250615952 0 0
82.72330905178269 91.85515642166138 0 0
92.09814071655273 92.13672280311584 0 0
92.27551221847534 94.15130359384634 0 0
94.6307897567749 95.70408463478088 0 0
97.32203048089012 97.3969578742981 0 0
97.88648308263895 98.23632836341858 0 0
98.71463924485064 99.59979653358459 0 0
44
0.9324915329053387 1.323147369212485 0 0
3.131699562072754 5.139274152866612 0 0
6.043946743011475 6.17121346100017 0 0
6.643575429916382 7.13727589032924 0 0
11.96680883866786 12.07183709123575 0 0
15.29502868652344 15.49330586514689 0 0
18.0447873668965 18.1046156654574 0 0
18.93848174538456 20.63709787590658 0 0
24.58755373954773 24.89336537759118 0 0
26.3125454821545 26.55115308499632 0 0
26.94973945617676 27.03662523436156 0 0
27.38102078437805 27.55511403083801 0 0
31.12114669203995 32.11466547089179 0 0
32.43004547836676 33.80399811157086 0 0
33.8547063054185 33.88453125953674 0 0
38.66186141967773 38.77968309737026 0 0
40.86731619170073 41.55927284743122 0 0
42.54670315211164 42.59845018386841 0 0
45.28452758278846 45.96816097382142 0 0
49.69636910985875 50.17813784116743 0 0
51.8604034676256 52.60044932365417 0 0
54.38206791877747 55.23242950439453 0 0
55.28785949897551 55.81698189449126 0 0
55.86722999015068 56.48570812365925 0 0
57.71275288064336 58.29662033385087 0 0
59.07172592409657 59.50532528765767 0 0
60.6972698049376 60.92677310909705 0 0
62.52079100179398 63.00453610695355 0 0
63.14098601362232 63.29598974356094 0 0
68.29363115338865 68.81837391779408 0 0
69.25959298072989 69.4214940071106 0 0
69.47968730109443 69.71720083833868 0 0
72.50663094490815 73.15124623105883 0 0
75.18138885498047 75.28528571128845 0 0
79.30439777094307 80.61988353729248 0 0
80.80644607543945 81.2074461834999 0 0
81.99952142165101 82.07304768613487 0 0
84.19714600815469 85.10111357613239 0 0
87.88668598555367 88.01626579795807 0 0
88.11349868774414 89.55212235450745 0 0
96.33945226669312 96.68262918215812 0 0
97.03185516901739 97.15393246284867 0 0
97.51255512237549 97.88451546041473 0 0
98.50323796272278 98.67892780491974 0 0
39
5.178092769996567 7.848447561264038 0 0
9.008568525314331 8.628177642822266 0 0
12.4148964881897 13.36734890937805 0 0
15.97020882281304 16.22977256774902 0 0
17.51427456240069 20.37161511096293 0 0
20.90931905343564 20.96532437878711 0 0
21.32019990414083 21.35602818655939 0 0
21.94020982349014 22.53905534744263 0 0
22.71750569343567 27.51117348670959 0 0
28.88078093528748 30.40597935166477 0 0
30.58767702123237 33.15987487676595 0 0
33.95897088707537 33.96219846806234 0 0
34.18348438213776 35.47652005591677 0 0
36.08308917271939 37.93103098869324 0 0
38.92116794256906 41.7376697063446 0 0
41.78130162567099 41.97592458681244 0 0
43.62412637441214 44.2097246982944 0 0
45.63661970170676 49.16543960571289 0 0
48.72468049393906 50.44010877609253 0 0
55.24754257658131 55.61623178024716 0 0
57.00188279151917 58.14700126647949 0 0
58.59721302986145 59.33477362294965 0 0
60.67763789449785 62.66443133354187 0 0
62.90510892868042 67.63575222739132 0 0
67.82499713517289 68.32708875691365 0 0
69.17304118972511 70.14342799723966 0 0
72.29426503181458 72.46155377551146 0 0
76.92381734812203 77.35062113372481 0 0
79.52996434043926 79.53422447248744 0 0
80.65592767866154 81.6950579418384 0 0
83.32413009072894 83.63699511938478 0 0
84.87136479195783 84.97184322638414 0 0
86.9933545589447 87.31984496116638 0 0
89.37179446220398 89.5247757434845 0 0
89.90363994197213 93.98744549711218 0 0
94.12738462212052 95.05839163760481 0 0
95.11257126986428 97.05352832415531 0 0
96.85792359336222 98.82268299533398 0 0
99.93190765380859 99.97902512550354 0 0
30
1.303738355636597 0.2002263492315058 0 0
4.356199502944946 1.696786973267564 0 0
5.536448955535889 4.490144125043843 0 0
13.58336210250854 5.731415748596191 0 0
14.70910236799199 13.67313265800476 0 0
20.46357104622044 16.57430295011325 0 0
21.09085879204468 20.53727202222801 0 0
21.89390277647938 21.67809845897789 0 0
25.61018466949463 21.97531836773425 0 0
36.09637022018433 25.82444961166211 0 0
39.71417949014876 36.33166551589966 0 0
42.52457548087337 39.863396617205 0 0
43.60070893520437 42.528769823424 0 0
46.889328956604 46.21120095252991 0 0
49.34092164039612 46.89554402673885 0 0
50.60483431171239 49.89078190309696 0 0
51.24192414920795 50.95518816251004 0 0
54.87927198410034 52.33611132882479 0 0
63.69296725649827 56.82254785407722 0 0
68.73904266042258 63.71312822578534 0 0
73.70778460082057 68.74491925761139 0 0
79.35874295978113 73.75389337539673 0 0
82.06185102462769 79.62683722785459 0 0
84.69639534767022 82.20920418496854 0 0
90.58725734047839 84.74100985790983 0 0
91.07027346018734 90.64019322395325 0 0
97.65343603453854 91.16408733088397 0 0
98.74418500236925 98.02085168616323 0 0
99.26211618448293 98.76654359362782 0 0
99.7822358021982 99.5195269502094 0 0
24
1.901060342788696 2.384674549102783 0 0
11.00955420341023 11.69605390410308 0 0
11.86181546526546 12.60070685107295 0 0
16.84492199096911 16.87451183885902 0 0
17.48775918787996 17.52978204481995 0 0
20.24334337402223 20.42550081044071 0 0
22.93395043006007 22.99233310853472 0 0
23.16800355911255 23.23349118232727 0 0
29.11789417266846 29.20675404373583 0 0
30.36580681800842 30.74557781219482 0 0
38.11034560203552 38.17896246910095 0 0
39.67738718287406 39.71638083457947 0 0
50.97454711319779 51.14723781854657 0 0
52.5648319841154 52.90305510440224 0 0
54.67611650619546 57.69602108042076 0 0
59.58859368911579 59.65976733224998 0 0
64.77905511856079 65.17230272293091 0 0
67.00863242149353 67.21903681755066 0 0
71.20251655578613 72.70103693008423 0 0
74.54209923744202 74.79683756828308 0 0
82.7505609709026 82.76066436500324 0 0
84.12107229232788 84.39333199677243 0 0
91.55270269145333 92.62552896924733 0 0
98.2166699341745 98.38750549725435 0 0
