# Status file for ctqmc. Used to save all times t_s, t_e.
8
3
61.87646389007568 62.0758056640625 0 0
80.90379301204962 81.08149170875549 0 0
97.68133163452148 97.06823315706785 0 0
7
14.32176828384399 13.92742991447449 0 0
45.76250910758972 46.33021354675293 0 0
71.40318155288696 71.82079553604126 0 0
71.82913114304526 71.84768940351428 0 0
72.44999408721924 73.45476462299054 0 0
82.21703171730042 82.75804050028663 0 0
84.05207395553589 84.08412369854142 0 0
44
0.2772218152131245 0.4048566598324649 0 0
0.8178114891052246 0.8655344458780689 0 0
10.82518100738525 3.655624389648438 0 0
10.99481582641602 10.84548234939575 0 0
15.00912543315298 11.7669967743943 0 0
19.07625150594659 15.05897045135498 0 0
20.42428851127625 19.28775575666946 0 0
25.20176768302917 21.84808624686661 0 0
27.93537456279209 25.49896240234375 0 0
29.41655516624451 28.4478485584259 0 0
31.02158939247772 30.09719848632812 0 0
31.34432094367791 31.33977688425366 0 0
33.58309701954619 31.35373819312007 0 0
35.59460766506445 34.51837568545992 0 0
38.53595282735701 37.42460828772197 0 0
40.38202486036592 38.94953380793874 0 0
42.17808000405455 40.70361640017957 0 0
45.32591700553894 44.85740661621094 0 0
47.8400320557455 45.38941563121382 0 0
49.14977550506592 49.30063062489437 0 0
51.38782433495425 50.7734541167391 0 0
56.23793382170537 55.40095567703247 0 0
57.5358981743625 56.33799406943828 0 0
61.32362511788187 57.69655366737209 0 0
64.20022253210385 61.53285503387451 0 0
66.59275929808005 64.44339752197266 0 0
68.75850558280945 67.05238535790343 0 0
68.88725190424286 68.85425448417664 0 0
69.97333048750427 69.41031217575073 0 0
70.82245349884033 70.30909294122119 0 0
71.29493852514408 71.10097408294678 0 0
74.78260869763648 71.3915625504048 0 0
75.20932420633893 75.03684573480221 0 0
75.64951287147468 75.24929538529668 0 0
80.85293173789978 76.31531538859758 0 0
82.72989496020881 80.71970343589783 0 0
85.40643452855082 81.22034072875977 0 0
85.7299268245697 85.47109961509705 0 0
88.01071047782898 87.14596629142761 0 0
88.80772590637207 88.45003843307495 0 0
93.51293471455175 90.78091382980347 0 0
96.29263284033627 93.85399909734218 0 0
97.14436638458305 96.3861621027506 0 0
99.44851081703482 99.42295551300049 0 0
43
3.165268898010254 2.958725062854484 0 0
4.51116627072814 3.25387716293335 0 0
4.709578138364556 4.581557629085947 0 0
6.673353910446167 5.204237955597751 0 0
7.020393655071363 6.939125061035156 0 0
13.44265930125079 11.17090582847595 0 0
14.14606497294376 13.53979106719814 0 0
19.25324879075432 15.69976949726906 0 0
20.26392421181657 19.36618081722188 0 0
21.00372595438883 20.27356597031532 0 0
22.01748072293271 21.36222537554828 0 0
23.81098064251399 22.57174227256159 0 0
25.77714832947234 24.30231516142765 0 0
26.48419622278699 26.03243942309351 0 0
29.66791391372681 26.54054958357986 0 0
30.29772043228149 30.05926236392436 0 0
33.41124741823798 30.43614625930786 0 0
33.90516578994556 33.61534184741686 0 0
34.18185008250133 33.91464098132675 0 0
35.98963317664922 35.92584133148193 0 0
37.78627732135156 36.39052927435142 0 0
39.56597642122654 38.05171821176824 0 0
42.69335269927979 42.49415397644043 0 0
47.41842746734619 47.10582494735718 0 0
48.48033785820007 47.92561490506402 0 0
53.02511927025815 50.68462025451627 0 0
54.53148484230042 53.44984485126341 0 0
55.87275531948436 54.62719522310368 0 0
59.61258411407471 55.93288532955758 0 0
62.21891877732138 59.62004647401714 0 0
63.62236776949869 62.49197069437847 0 0
66.98042924088952 63.76455107499314 0 0
70.39990425109863 67.84847768732064 0 0
74.03931085166033 70.41261799403316 0 0
74.33582136902453 74.13755655288696 0 0
78.54481693383515 75.56604743003845 0 0
85.07227897644043 82.79260279907307 0 0
87.45316308066209 86.08450094494565 0 0
88.05190920829773 87.53608465194702 0 0
91.21200461742829 88.46829885629855 0 0
91.74723569223977 91.58288877179939 0 0
94.20605301856995 92.03919319050975 0 0
98.8175119826284 96.93721532821655 0 0
50
1.80220223368789 1.926810226676124 0 0
2.760084282597499 2.814441378700786 0 0
3.99260424423544 4.72902586388185 0 0
4.974229434287436 4.98618483543396 0 0
5.191641827037335 5.994229377342225 0 0
6.275521379086634 6.608857822565838 0 0
6.664631451726659 7.306647300720215 0 0
7.536494731903076 7.793693734045532 0 0
10.3166401386261 10.44815182685852 0 0
10.99468822145955 11.02782546381095 0 0
11.79118476534309 13.63827437644519 0 0
18.10407807577829 18.54298114776611 0 0
21.03518380561248 21.25990537051186 0 0
21.40819037765256 21.41073363600274 0 0
21.48064920110302 29.52928056232746 0 0
29.93651120490523 29.99079465535808 0 0
30.46397755178 34.34453305138809 0 0
36.02468302713885 36.87151309796767 0 0
36.88242557344982 36.94581842425618 0 0
37.28012336492082 37.6770555973053 0 0
38.17478076548407 38.58684621999987 0 0
43.33360195159912 43.41982107533929 0 0
44.00737817508542 44.08944646504978 0 0
48.06201421531841 48.26781612666105 0 0
50.5932042052151 51.71174023051505 0 0
51.98698043823242 52.38677859306335 0 0
53.67016196250916 53.66055965423584 0 0
58.39265528842705 58.40139985084534 0 0
58.52179957831839 60.18703180630499 0 0
60.57801456642103 60.63952074350546 0 0
60.94591266252772 61.28113227732402 0 0
63.74569291702455 65.63047273841559 0 0
67.39745140075684 67.42894212202198 0 0
69.03387674897215 69.44046083842569 0 0
70.75409048719729 72.01778630969855 0 0
73.50370558017457 73.67458343505859 0 0
74.67263390163274 74.70064350310003 0 0
75.89285685542499 76.09988702582484 0 0
76.92061220980047 77.00255513191223 0 0
77.22276449203491 78.55375412441543 0 0
79.2142391204834 79.2897381922114 0 0
81.17753690869976 85.77466011047363 0 0
88.14264535903931 88.16592693328857 0 0
88.32088112831116 92.43489269304588 0 0
93.76217764374256 95.17436403634512 0 0
96.20662927627563 96.24538464864627 0 0
97.85646188468746 98.14212915409279 0 0
98.41235280036926 98.5579677519643 0 0
98.56764013269341 98.75183265955397 0 0
98.8900899887085 98.98048639297485 0 0
26
3.392177539589689 3.613471984863281 0 0
3.768139486829718 4.190276817891458 0 0
4.22346686499705 4.949394948747747 0 0
5.234378576278687 5.240511894226074 0 0
6.421375274658203 13.27451971329694 0 0
14.68888101590977 23.9346444606781 0 0
24.47896003723145 26.11374855041504 0 0
29.22217920993937 29.25347709796782 0 0
29.60923910140991 29.77929711341858 0 0
29.90323901176453 33.30721077003576 0 0
35.6246031490501 36.02853765728523 0 0
36.9757689297858 37.73470809907835 0 0
37.93264031410217 38.12938705812197 0 0
40.71977138519287 41.67739748954773 0 0
43.41796040534973 44.51669454574585 0 0
52.52775549888611 52.69747972488403 0 0
55.14785312174927 57.40868449211121 0 0
58.91764502182037 67.60933399200439 0 0
68.4573769569397 70.5065830351824 0 0
71.9980787078898 74.27024245262146 0 0
76.40902029752752 84.1048126380052 0 0
83.97635817527771 88.48868012428284 0 0
89.27369117736816 89.29859399795532 0 0
91.21032953262329 91.42530641465925 0 0
92.24088131102091 94.07084584236145 0 0
94.68068664733423 97.78309291453269 0 0
30
2.412907073162417 2.453133956100828 0 0
12.32910517192034 12.73772716522217 0 0
13.5063111782074 13.5242223739624 0 0
15.7771953518423 15.93569301449473 0 0
24.42980714070783 24.43753785895257 0 0
27.94315984678326 28.12303880080229 0 0
28.6394980425513 28.74224844977293 0 0
32.24892795497823 32.25085548904234 0 0
32.56795818193788 32.85736602782442 0 0
38.24609916252187 38.50871324539185 0 0
40.74191513949037 40.79017639160156 0 0
47.46926426887512 47.60113954544067 0 0
49.50411068305743 49.56122026253871 0 0
51.65687203407288 51.68320323334608 0 0
54.68418598175049 54.75924015045166 0 0
55.35012294882012 55.78283406853699 0 0
56.30957360852917 56.50768078311155 0 0
57.87836662080963 58.67850184440613 0 0
58.84112119674683 59.22822225251389 0 0
63.71736526489258 63.71813356290129 0 0
68.81754374000532 68.84590477052276 0 0
75.04644642058237 75.1360785862686 0 0
76.24772735690655 76.43451646061328 0 0
77.69248485565186 77.71073810920895 0 0
78.37644073090746 78.42382566900305 0 0
79.95495459119385 80.16168202541407 0 0
80.75532462703769 81.44299169862738 0 0
82.16454982757568 82.22065567970276 0 0
89.53793048858643 89.72190535625199 0 0
93.2151111639597 93.30914616584778 0 0
37
0.05786418914794922 0.1362019424067355 0 0
0.2330082876319647 1.463403669001624 0 0
2.262261213116393 2.361878953100679 0 0
2.522343397140503 2.922631352787739 0 0
3.966586745837697 4.077956050011574 0 0
8.423829078674316 8.424666536980656 0 0
8.769998900170251 10.82332130878245 0 0
12.82610297203064 12.88897197400336 0 0
16.59430470746929 16.9847846031189 0 0
17.07583021276326 17.07709191085379 0 0
22.77622222900391 22.84467816352844 0 0
22.87779261010568 22.90926575660706 0 0
26.27159953117371 26.4890730381012 0 0
28.57385829084009 28.77453620280383 0 0
34.49124097824097 34.56177501012543 0 0
35.10032931352605 35.29915514339175 0 0
36.77542805671692 37.38263620237977 0 0
37.99845576286316 38.01734216112192 0 0
38.88286961127271 38.88482260362061 0 0
47.17394814954557 47.54164697640633 0 0
52.66607403755188 52.848219871521 0 0
53.61770166000532 55.09226614163804 0 0
55.332350730896 56.3267484697113 0 0
61.47215268041494 62.11675187069837 0 0
62.94271326240246 63.02211204377972 0 0
63.27790492635029 63.99678587913513 0 0
64.27380796280255 64.76416379165144 0 0
65.01444578170776 65.0788426399231 0 0
68.48518861312556 68.51378679275513 0 0
70.01668810844421 70.80766131498241 0 0
75.50243905864038 75.57698233831096 0 0
81.73285028127796 80.89886383454683 0 0
91.68726205825806 92.01810359954834 0 0
92.30438305756967 92.31359636433656 0 0
96.89884965443687 97.80848859630575 0 0
98.87687722845355 99.25098678461615 0 0
99.79764637152755 99.97893826838173 0 0
