# Status file for ctqmc. Used to save all times t_s, t_e.
8
2
30.91461658477783 30.95802664756775 0 0
98.70203137397766 98.65779280662537 0 0
4
12.24792003631592 12.32774257659912 0 0
26.33512020111084 25.54020881652832 0 0
42.80210733413696 42.85079444024191 0 0
58.96212458610535 59.41234230995178 0 0
35
0.5660571670162637 0.395034274338927 0 0
2.475562577318694 0.9707332126609466 0 0
3.277933078484175 2.633172063883992 0 0
7.046778610660352 4.11896337643177 0 0
15.14555399482921 14.49511159738584 0 0
22.67453416481272 21.44961953163147 0 0
25.28241220201117 23.586413077787 0 0
26.39402348653339 25.88801649628707 0 0
30.66398049747755 26.52128882361077 0 0
31.84876441955566 30.77906069623707 0 0
35.41730609238532 32.17943906784058 0 0
35.45556581461062 35.42775139797983 0 0
36.08981005200041 35.54554413465176 0 0
36.78426133472241 36.25947394577415 0 0
37.53174795250177 36.95682410155229 0 0
39.30904865264893 37.55729324684778 0 0
40.53416279832094 39.37156200408936 0 0
43.49600076675415 40.65721522861332 0 0
45.21013458202403 44.68367695808411 0 0
47.07282866405971 46.03389640069021 0 0
47.96264171600342 47.36115336418152 0 0
55.50942330926762 48.48988652229309 0 0
63.19694674806505 56.35334657360437 0 0
69.05548575537809 63.7463035801088 0 0
69.24174605531002 69.08127426710207 0 0
70.27999598298653 69.82456502570533 0 0
74.53949451446533 70.38144654253165 0 0
77.44548947642079 74.77483749389648 0 0
80.04556522052101 78.38723354092087 0 0
84.33759665442672 80.75922496639922 0 0
85.60679110194238 84.55895185470581 0 0
94.61924433708191 93.48755478858948 0 0
95.67487835884094 95.95004916191101 0 0
96.53917285218709 96.62543586165668 0 0
99.49097306446556 98.93982871835583 0 0
39
0.7728636264801025 0.633084774017334 0 0
11.16551552981545 9.704312900561685 0 0
11.43967653443496 11.29998155364342 0 0
15.78153967857361 11.44254447150554 0 0
19.74291649781369 15.89781045913696 0 0
19.98754097619521 19.95742432852735 0 0
21.20871103913356 20.78734068028195 0 0
22.63997200482391 21.40416685515734 0 0
22.82310277625636 22.65249448010022 0 0
23.31843020403044 22.92317978659333 0 0
25.13697076904878 24.06978011131287 0 0
33.59526991844177 33.42675810024037 0 0
33.98492626758696 33.63543868713279 0 0
35.49616932868958 33.98911952972412 0 0
35.5620801448822 35.52799820899963 0 0
42.06799953953499 40.42266656128675 0 0
43.13451051712036 42.81637668609619 0 0
43.87374022741395 43.53591176168408 0 0
44.02804763199638 43.94131302833557 0 0
45.35483452254797 44.26190347733399 0 0
46.22505307197571 46.03094485951726 0 0
48.43089404219072 47.74514043536187 0 0
52.78292191643379 52.17063519612729 0 0
60.26933789253235 60.31396985054016 0 0
62.70714268829645 62.41501764008888 0 0
64.84664253811231 63.48838431936888 0 0
69.16771648616096 69.13472843194849 0 0
71.72388688960844 70.17616417312357 0 0
73.6784595130264 71.87605703016575 0 0
79.33291171241213 78.93517204740117 0 0
79.93957996368408 79.57031198665487 0 0
81.51615858078003 80.00654578208923 0 0
85.68802901874477 82.30093420905044 0 0
89.0366932613582 85.76332926750183 0 0
92.56433307744257 89.07194473399436 0 0
94.31384205818176 92.81980991363525 0 0
96.68453335762024 96.65517210960388 0 0
97.13184237480164 97.50279188156128 0 0
97.71342873573303 97.84076809883118 0 0
46
0.08535385131835938 0.08835862875988809 0 0
0.2344082486953758 2.269726653754751 0 0
2.900409196918101 3.322642402278541 0 0
4.536610841751099 5.066442489624023 0 0
5.659202592966038 5.930209159851074 0 0
5.931149950685716 6.252442710534146 0 0
9.79164614181788 17.39390536933099 0 0
17.41612069418491 18.08913423583866 0 0
18.26624067857858 22.52527832877112 0 0
22.37496737888824 23.7352023195993 0 0
26.50455716131311 26.63788292483716 0 0
27.62524232547488 27.78591664389951 0 0
31.6113293170929 32.03153014183044 0 0
33.86842043430445 35.10640964006888 0 0
36.07030358549061 36.17403924367269 0 0
36.95968985557556 37.05640129120185 0 0
40.16859582024975 40.24876223956539 0 0
40.41906773621321 41.74843863604079 0 0
43.73160004615784 44.30275471112488 0 0
44.41749962219923 44.66471777937732 0 0
45.17062306404114 45.67583517521486 0 0
47.18568437840346 47.33868416201853 0 0
48.08746660652945 48.20965287861264 0 0
48.26033870669038 48.72685247113372 0 0
49.05677437782288 49.33789091240897 0 0
51.60356225383504 53.23612177893082 0 0
56.52315616607666 56.58923387527466 0 0
56.83267712593079 57.09100365638733 0 0
61.93847041369879 62.0578408241272 0 0
62.91683022777524 63.94868493080139 0 0
63.90167977119454 65.68138181145515 0 0
65.58659808819853 66.91983434198548 0 0
68.67110400579242 68.89971895592618 0 0
71.03269100189209 71.0757315158844 0 0
71.58403470088109 71.97937623508111 0 0
72.15228483842326 72.32737056109609 0 0
73.65317013161923 73.68170295490455 0 0
73.74776714515572 73.90737435408542 0 0
74.06542301177979 74.21868010978137 0 0
75.06708448176099 75.23272705748845 0 0
78.67242140084743 86.52903334205341 0 0
87.75036334991455 88.37710618972778 0 0
88.51092275697812 89.83293175697327 0 0
91.38159268154777 93.16218148803728 0 0
93.52421138150338 94.1843569278717 0 0
99.01560544967651 99.06126171707146 0 0
39
0.4819814517655641 0.05959272384643555 0 0
3.020592112654128 0.827425374229307 0 0
7.288834985587186 3.055137395858765 0 0
8.130426435462972 7.497346393689849 0 0
9.692820781586535 8.207391500568697 0 0
10.16626584395703 10.08090346272062 0 0
16.09587864379938 10.28319317458788 0 0
18.41265326639796 16.25957192665801 0 0
18.63978505134583 18.53035092353821 0 0
19.58184495877616 19.12225419049317 0 0
21.00268995375896 19.6706235408783 0 0
22.04870012494451 21.08243286753758 0 0
24.25849963208638 22.61620859797781 0 0
25.27580857276917 24.47044048332911 0 0
25.70565826938968 25.51035303263038 0 0
29.99138426275423 25.72965444580058 0 0
30.88049934695677 30.53618756346687 0 0
38.30734491348267 38.07173185953162 0 0
44.06376495123892 40.77866077423096 0 0
44.38017775170997 44.09472556822328 0 0
44.96263603810274 44.38371355363801 0 0
46.03557883100284 44.97068618354822 0 0
50.81803202629089 47.49581919774715 0 0
51.1236310005188 51.07614398002625 0 0
53.36461124836207 52.9524564743042 0 0
55.34136139222376 55.2604620559169 0 0
57.19096607040703 55.99423050880432 0 0
58.34501385688782 57.67977237701416 0 0
63.73760104179382 58.58195424079895 0 0
64.49799961537963 63.80894499455343 0 0
66.93347429134326 64.57016546687093 0 0
71.04302644729614 67.9847776889801 0 0
72.41463810896282 71.13713026046753 0 0
76.69262886047363 73.86875748634338 0 0
80.85122474897304 77.67799548285167 0 0
81.92708725481029 81.08646525503818 0 0
86.84656023979187 85.69288637668259 0 0
94.2689372327748 87.08137273788452 0 0
99.99576210975647 94.70938444137573 0 0
34
1.258717125984099 1.323856293363644 0 0
1.427409765279812 1.482653617858887 0 0
6.297235468351696 6.340113693554591 0 0
8.172132271649476 8.397129483121663 0 0
9.942608150649358 9.999474253773654 0 0
13.19130681231113 13.68730268428328 0 0
13.92216682434082 13.98103068089046 0 0
14.73910808563232 14.75163698196411 0 0
21.74423336982727 21.93439018370875 0 0
25.63568340980853 25.83737337387759 0 0
27.21872646608767 27.24751283290147 0 0
34.20210892053798 34.74906751968483 0 0
40.55310487747192 41.0666286945343 0 0
41.24359432486274 41.41511650072672 0 0
41.82685942166561 41.85971026031049 0 0
44.98578219853564 45.28206475933101 0 0
51.70814945580925 51.77450776100159 0 0
53.42521294312756 53.59475092269896 0 0
57.47265219688416 57.67673254013062 0 0
58.93311821565703 61.22218224359462 0 0
62.24717038336021 62.32391659301351 0 0
62.98502712960179 63.02167801107351 0 0
68.18208528666521 68.98734771835765 0 0
71.6301459912567 71.75666689872742 0 0
72.89841771125793 73.80440831184387 0 0
75.55599227121057 75.58933286426139 0 0
76.35742163750071 76.92853808403015 0 0
84.95063781738281 84.98379978695617 0 0
85.8736543067991 86.02231999441763 0 0
86.07981749518947 86.85462699971846 0 0
87.10907101631165 88.57010006904602 0 0
90.23445279131508 91.25568287534425 0 0
92.2045886516571 92.77480244636536 0 0
94.30058002471924 94.62067484855652 0 0
45
1.138037061588908 1.160167607830443 0 0
5.545896868973566 5.705972046759846 0 0
8.978426456451416 8.790534734725952 0 0
10.48479676246643 10.88685909278489 0 0
14.9576723575592 15.06297806199737 0 0
15.53458094627018 16.42368250214733 0 0
20.78016400337219 20.82845601226753 0 0
22.08579945556105 22.36861016972552 0 0
24.2627453158526 24.36190180174074 0 0
24.38584505115415 24.48647082651211 0 0
25.47623285570256 25.49761016016133 0 0
26.18657002173073 26.38132922519749 0 0
26.79393488920145 26.86022511233844 0 0
28.79825377149433 29.588345172255 0 0
29.79962725092961 29.89295056684236 0 0
35.48463974809729 35.54603457450867 0 0
36.10424059923146 37.02401095903518 0 0
39.23215399823653 39.18852806091309 0 0
42.23898649215698 43.00228357315063 0 0
43.07143244024615 43.11734811000873 0 0
43.4961157696676 43.58214625035934 0 0
44.61636811578946 44.63443759974727 0 0
47.36462831497192 47.61190414428711 0 0
47.62059450149536 47.97812536857543 0 0
48.12506592946391 48.4256861007777 0 0
48.80085231484721 49.32665228843689 0 0
49.31917593192997 51.05406403601535 0 0
52.85862686824981 52.88652181625366 0 0
61.46495938301086 63.11123967170715 0 0
63.56821897406981 63.89563679695129 0 0
64.02762450778438 64.24576832183429 0 0
64.7684073080322 64.80854418501912 0 0
66.59592390060425 67.41940975189209 0 0
70.37049596919211 70.38953205113076 0 0
72.78095483779907 72.89248108863831 0 0
74.0119709082478 74.08756289283396 0 0
75.25895833969116 75.42464733123779 0 0
78.78045439720154 78.90655398368835 0 0
83.12629461288452 83.17661285400391 0 0
89.86824753483234 90.04979729652405 0 0
91.912885139433 92.04615205866389 0 0
96.7531382962933 96.89473688077679 0 0
97.58945786484502 97.80299068563014 0 0
97.88387417793274 98.21099638938904 0 0
98.76627598901278 99.14138106073344 0 0
