# Status file for ctqmc. Used to save all times t_s, t_e.
8
3
0.5780994892120361 0.6432652473449707 0 0
14.54650163650513 13.85520696640015 0 0
40.35431742668152 40.43784737586975 0 0
5
26.02495551109314 26.23554468154907 0 0
33.89894761388383 34.02640819549561 0 0
58.99670124053955 59.01733378443265 0 0
82.06322624413127 81.94707036018372 0 0
90.66050043546558 90.89301803750516 0 0
36
7.389031218379097 6.354182606231667 0 0
10.32453533639633 8.944340703829859 0 0
11.78339619859648 10.41007041931152 0 0
14.73854695465853 13.54581305337074 0 0
15.21185072854461 14.97766362081055 0 0
23.22123784000922 21.09627723693848 0 0
27.62396931648254 27.54545103308129 0 0
27.88465023040771 27.68086194992065 0 0
35.5874111938808 31.09707650666117 0 0
41.12183720989102 37.32385039329529 0 0
42.85193681716919 41.53359532356262 0 0
43.63887012363536 43.03516815156996 0 0
43.80394224796687 43.72065717610429 0 0
45.86958885192871 44.27529602586093 0 0
46.33622810837919 46.30224912188603 0 0
48.37660903947518 46.39539974818825 0 0
49.15538227875034 48.40341623694773 0 0
58.70408415794373 57.83723592758179 0 0
60.33284068107605 60.29961520304564 0 0
62.79857077645801 61.49239140541167 0 0
67.34481130119195 63.5882688446968 0 0
68.22827458381653 67.40122466117988 0 0
72.21300004475978 69.38174366950989 0 0
73.95697607128447 73.10121059417725 0 0
77.35078930854797 74.69533681869507 0 0
78.37427503231103 77.638840675354 0 0
78.57271357567512 78.55982184410095 0 0
80.81166853548545 79.00251238265935 0 0
81.9580289742792 81.80879829053094 0 0
83.07946920394897 82.2015985712778 0 0
85.57957067176396 83.13209003431589 0 0
88.34885954856873 87.10587620735168 0 0
93.62487196922302 92.0557940623091 0 0
95.73117379903064 93.73105764389038 0 0
97.40503430366516 95.86858101844707 0 0
98.13804642894966 98.0592668056488 0 0
37
0.5249381065368652 0.7084042684731049 0 0
1.304031140272716 1.372461841659661 0 0
2.680560350552494 2.784222728466569 0 0
3.1380089234142 5.183855164395659 0 0
5.595097432934089 5.847092824371458 0 0
10.35973321233599 10.44875383377075 0 0
10.76972418785118 10.77246890541313 0 0
12.77498348657948 13.15955317182303 0 0
13.26632345890247 15.89120626449585 0 0
15.94728231430054 15.96395646677553 0 0
18.36779117584229 20.86629867553711 0 0
23.84044434101567 23.95466678778698 0 0
25.42983020552256 25.48050880432129 0 0
25.48418087859014 25.87225437164307 0 0
29.0501324241311 32.52825140953064 0 0
32.79167413711548 33.47385563690549 0 0
34.99207431472461 35.07943127276552 0 0
36.88228846556935 41.12250050097375 0 0
41.72613227771528 42.25203279770245 0 0
42.67534749911604 42.97732710838318 0 0
47.44703780620305 52.34774522592218 0 0
52.65677571296692 52.97722816467285 0 0
55.84455728530884 56.89361691474915 0 0
56.72545433044434 57.55558844821723 0 0
58.00597860533036 58.42828767996142 0 0
59.48399966937061 59.55991619189466 0 0
59.80434362364588 63.14646823129749 0 0
65.13358661023298 65.83757996559143 0 0
65.93610031620757 67.07685456265818 0 0
68.3491155258251 72.08698971945458 0 0
72.5891857952393 74.59876537322998 0 0
74.98845091493841 79.21455502510071 0 0
80.20581007003784 80.83621986580738 0 0
81.49631023406982 81.53091232059666 0 0
82.97325968742371 83.22762250900269 0 0
95.32068967819214 95.34907937049866 0 0
96.79892908336569 97.41712706623819 0 0
42
0.05559325218200684 0.1532511275246838 0 0
0.1644743503098317 0.2410769462585449 0 0
5.986419775848614 6.150197982788086 0 0
6.446593999862671 8.364653587341309 0 0
12.11152076721191 12.58623003959656 0 0
15.22042751312256 15.85370302200317 0 0
16.21881496033168 16.4559378192664 0 0
17.5159133148732 17.64215587815276 0 0
18.08665990829468 18.45980286598206 0 0
21.24124199230612 22.06078171730042 0 0
22.10338711738586 25.42185129509313 0 0
30.35218715667725 30.48850297927856 0 0
32.30978300094695 34.43298806978814 0 0
35.14073097637144 35.36489595189267 0 0
35.94260637107234 35.95218469507711 0 0
36.27339402753744 36.46511932323308 0 0
37.66299369414524 37.71043419837952 0 0
41.68134276801257 41.98269837738169 0 0
43.34875894924222 45.979973108901 0 0
47.3121935134965 47.34959763469728 0 0
52.95371174467181 55.62154401992115 0 0
59.99186024192553 59.99511480331421 0 0
60.14996630295222 60.4637168213479 0 0
60.47325134277344 60.91348528862 0 0
61.49483371283696 61.54222471249261 0 0
63.93608760590057 65.19235008887867 0 0
65.70780443437047 65.98608493804932 0 0
66.12492203712463 66.54500468992612 0 0
66.60817265510559 66.64897552966694 0 0
66.99564765404652 67.24257945524509 0 0
67.91747808456421 68.09695597679264 0 0
68.67134994801475 68.6880195052793 0 0
69.65001731984934 70.51083445549011 0 0
70.56394996341683 72.59252255090561 0 0
72.71705848056058 72.76307001692491 0 0
73.38799834251404 73.45628242092363 0 0
75.36157438905491 75.5565881729126 0 0
79.28494215011597 79.33850884437561 0 0
79.9487829208374 84.79762178470983 0 0
86.03199080456461 86.12228238244285 0 0
86.52142121522056 89.41210480143015 0 0
92.31323064969033 99.96605453319228 0 0
41
5.586522817611694 6.285020137785701 0 0
6.746734127157306 6.959020452406484 0 0
7.039458759599908 7.287120239287431 0 0
7.478481955091899 7.500497044743931 0 0
8.531355857849121 8.638581271769448 0 0
9.868906008101103 10.37240624427795 0 0
10.38584296806178 11.29164492251142 0 0
11.95068933814663 12.15964835314989 0 0
13.96419124643582 15.21287386774735 0 0
17.39413142204285 17.48212959368029 0 0
27.62529253959656 27.6530605098616 0 0
28.18284351357612 28.19756547223633 0 0
29.10771369934082 29.35670614242554 0 0
34.79790769709264 36.83355547934681 0 0
37.15974414766947 38.38706016540527 0 0
38.47827911376953 40.74981100803956 0 0
41.26620292663574 41.78916279231626 0 0
43.99358749976621 44.00203163240267 0 0
49.41623341984995 49.65971969607886 0 0
52.42317343555553 52.50162482261658 0 0
53.05297075600694 53.20713642657488 0 0
53.36090326309204 53.61101627349854 0 0
59.09418014783691 59.47502028252792 0 0
61.91308117971452 62.81319856643677 0 0
63.59976200096232 66.58398417792529 0 0
68.0743916788324 68.51694583892822 0 0
69.95776295661926 70.36347531584688 0 0
72.85246849060059 73.40998765072 0 0
73.91046283798488 74.57134082655143 0 0
74.61160449475771 74.8564383555715 0 0
75.41278751121023 76.30572847706328 0 0
76.41523707771319 77.80247222370939 0 0
79.69152927398682 80.15877305611797 0 0
84.93417851956778 86.28408312797546 0 0
86.28477816443836 86.50788949348355 0 0
86.5648858322883 86.58122666245588 0 0
89.82144733847579 93.77009272575378 0 0
96.01616859436035 96.8856957127924 0 0
97.85885214805603 98.15896071210321 0 0
99.27943064335523 99.28799827096294 0 0
99.47056174278259 99.47135997164517 0 0
27
5.911564390768591 5.997768757369351 0 0
8.528271500716347 8.873716352807321 0 0
9.592103986115967 9.793524078729938 0 0
15.98396301269531 16.36468742342429 0 0
19.230055809021 19.4571316242218 0 0
32.96371097189105 33.39375257492065 0 0
33.43448637238056 33.69701167018535 0 0
36.95018663426745 36.9916911857545 0 0
38.94323149801174 39.07926713884731 0 0
41.31321113144891 41.41090922372169 0 0
43.59269174425791 43.63888729946559 0 0
43.86772100996048 43.88489764567255 0 0
43.99160742759705 44.35669717085204 0 0
47.00846356447195 47.13364731074509 0 0
48.2523467334392 48.93002281450055 0 0
49.43205118179321 49.65472221374512 0 0
59.85361933708191 60.40006279945374 0 0
61.97714749932827 62.00019121170044 0 0
62.14680139517192 62.2363303245649 0 0
63.65259289741516 64.05271291732788 0 0
67.82267689704895 70.11011458302247 0 0
74.48470592498779 74.53970173635039 0 0
78.46937275905893 78.50739898610023 0 0
82.2130024433136 84.09174680709839 0 0
84.75985908026671 84.81387035954329 0 0
86.09971106187932 86.88709761700095 0 0
87.16331873245744 87.77221817422394 0 0
39
3.108060359954834 3.304564952850342 0 0
7.436144348049244 7.517091967973956 0 0
9.313627560417352 9.437388181686401 0 0
9.720444679260254 9.769159555435181 0 0
10.23966095742978 11.3091148017913 0 0
11.83967619226737 12.08818005781403 0 0
13.21430676330641 13.35892180552603 0 0
13.79912438474079 14.62664999850883 0 0
14.66249227523804 15.01188278198242 0 0
20.18229868847188 20.24661131301667 0 0
20.70611668940433 20.96007470253837 0 0
22.12811029163532 22.56690937382522 0 0
22.71976642555939 23.04547344905546 0 0
25.89628473037975 25.97518154856218 0 0
29.13497987589513 29.49784994125366 0 0
29.64100241661072 29.84574437141418 0 0
34.85618501603085 35.10306477546692 0 0
41.99559826411978 42.01123251487083 0 0
42.39202982914279 42.52854203217765 0 0
42.88309812008781 42.93923252606036 0 0
43.03814525030248 43.0396447441025 0 0
43.08970360282352 43.33209360283345 0 0
43.46845862428043 44.16999816894531 0 0
44.60947212895565 44.75038831043889 0 0
45.52643624041571 45.65362930297852 0 0
45.66425491040336 46.08282895123822 0 0
46.39589572408769 46.70091363885896 0 0
47.01882600784302 47.07217216491699 0 0
50.90905430715652 50.94121675183185 0 0
51.49926899095243 51.54953718988539 0 0
55.49902713847203 56.52989040041578 0 0
59.25449382345634 59.47895569285689 0 0
60.90040837576471 61.02470049559175 0 0
70.33389806747437 70.55704593658447 0 0
73.64248633384705 74.14881656725746 0 0
74.40233826637268 74.87069964408875 0 0
90.43882209123886 90.21912813186646 0 0
92.16002077425281 92.26015674468447 0 0
93.66353564133854 93.78215670585632 0 0
