# Status file for ctqmc. Used to save all times t_s, t_e.
8
3
7.902324072657052 8.942148512463177 0 0
70.89430689811707 71.07399702072144 0 0
76.71179175376892 76.71592831611633 0 0
8
7.130205028071515 7.510989904403687 0 0
7.740015609979167 7.805060934353206 0 0
9.623056650161743 9.661555972953895 0 0
58.65655541419983 58.86381268501282 0 0
71.16056680679321 70.83390462962811 0 0
71.56360710715646 71.45409514840576 0 0
71.86009883880615 71.70290946960449 0 0
94.78457570075989 94.84361410140991 0 0
34
0.8833748642680508 1.10280083263774 0 0
5.627399682998657 5.917835235595703 0 0
7.551387171104551 7.588534210375824 0 0
11.07143759727478 17.56094917386396 0 0
17.67673492431641 18.81737142079925 0 0
18.78370072156586 23.71585369110107 0 0
26.14894107995019 28.47645878791809 0 0
30.55798577097448 31.08442318927887 0 0
31.26308332253066 31.4394689659691 0 0
32.69231906067382 36.98089096939142 0 0
37.90556419595629 38.34562160971987 0 0
40.02947337320441 41.2151756248433 0 0
42.38594037596382 49.93118566021719 0 0
56.39311671257019 56.65998458862305 0 0
57.4509299660221 58.38603377342224 0 0
58.64567160606384 58.9220383167129 0 0
60.66980957984924 61.00516195815523 0 0
61.72775017760479 61.78746015979154 0 0
61.97230815887451 62.17424739704875 0 0
62.75660193977683 62.91371981017959 0 0
63.61724089415315 63.87122642954296 0 0
64.10022099917961 68.79461660874374 0 0
69.92661818480227 70.01915159055457 0 0
71.11192389936113 71.85274453880211 0 0
72.76555895805359 72.80523150419207 0 0
73.64142371178191 73.6631211902113 0 0
75.26330792290408 75.32773357517365 0 0
76.54523961803754 80.10414719125917 0 0
81.6488813379506 82.00938275989726 0 0
82.66989588737488 86.7472654057978 0 0
87.97831997152197 87.97979209416398 0 0
91.93150922588616 92.04310359457196 0 0
92.53217059426839 92.70373201897333 0 0
93.54392886161804 93.73780488967896 0 0
37
2.95531492446005 3.246992340752337 0 0
3.662016170030269 3.751806912795419 0 0
4.478703503255452 4.515978397064363 0 0
7.751916302150729 7.789623737335205 0 0
10.57175212369236 11.58409703814982 0 0
11.71879973660942 12.21504560955431 0 0
12.67133951187134 14.91050153056754 0 0
18.22723150253296 18.3845579624176 0 0
19.9587181680684 20.53792563168435 0 0
20.65392136573792 20.65560473271127 0 0
21.25339802608721 24.71070942543754 0 0
24.64894242718634 26.82868838310242 0 0
27.95111536979675 30.35246178592814 0 0
30.35275124984575 30.91731071472168 0 0
32.55277276039124 34.29984450340271 0 0
34.7132682800293 34.85004901885986 0 0
36.93785354132859 37.29916423012602 0 0
37.66094446182251 38.28204274177551 0 0
41.3562414151977 41.44947332193475 0 0
41.95600547342306 42.04079731581874 0 0
45.41208744049072 46.93376421928406 0 0
47.74877736399427 47.85367250442505 0 0
48.18274974822998 49.70707297325134 0 0
49.86996054649353 50.7412617014685 0 0
51.36137166731713 53.44708775046864 0 0
54.40699687802267 55.40519113830283 0 0
55.46789957653285 57.35294996989086 0 0
59.19583642099152 59.78072615755214 0 0
59.94407954365366 60.3302538394928 0 0
62.43082880973816 69.07927056691973 0 0
69.78189061180781 72.92174113429418 0 0
73.12586955065653 74.85436711928691 0 0
75.88695863999423 84.07833060611088 0 0
89.62789177894592 89.68814020781473 0 0
91.79528661868569 92.63019930760089 0 0
93.61183186321341 93.82541309760707 0 0
97.20666807402878 97.23093775304459 0 0
37
0.1268446445465088 4.362950031005068 0 0
4.348510503768921 5.151070406388729 0 0
5.084633827209473 9.099668585816008 0 0
11.40724755125646 12.00443553069139 0 0
14.82440486688715 17.01430436939483 0 0
18.55823717327318 19.48115825653076 0 0
24.3718784011618 24.57966804504395 0 0
33.45781633391488 33.75624347978172 0 0
35.67072808122997 35.85004708215091 0 0
35.92849624116648 36.26308003571987 0 0
37.16184901861077 38.04037998955106 0 0
38.95578661052974 40.49380274704542 0 0
40.98650813102722 42.08998997351863 0 0
43.38927268981934 44.06154751777649 0 0
45.11489868164062 45.33608935907552 0 0
47.33521486775607 47.76979684829712 0 0
48.20034841365377 48.27216415289147 0 0
48.74256276855355 48.91286295486091 0 0
49.78424807426039 49.80994935448965 0 0
50.58558865265405 51.60849975452886 0 0
52.29798914144171 52.55324244499207 0 0
53.40695335565044 53.59686613082886 0 0
54.50085641147284 56.01730346679688 0 0
56.05159401893616 56.30202636967562 0 0
58.03585247539812 60.76830509528514 0 0
62.44392072537959 62.48296499252319 0 0
62.86888317618376 63.33829877524922 0 0
66.43137664976943 66.62097785309803 0 0
68.08681850551669 69.88065288210895 0 0
71.94235492623719 72.32468724250793 0 0
72.78756499290466 76.69318272958634 0 0
79.7154104415341 79.94551658630371 0 0
83.43760717033675 83.55389694211794 0 0
84.49432680369435 86.48861050605774 0 0
86.88806891441345 91.17476344108582 0 0
91.37419985824445 91.87416926788217 0 0
92.90403153060855 99.24390912055969 0 0
39
2.858039337505136 2.049335685609903 0 0
3.231838409214088 2.942155526979516 0 0
4.445092636359249 4.392855763169697 0 0
5.967409095865389 4.464545173144272 0 0
9.022371521027704 7.833967202952921 0 0
11.188554746364 9.902643466594174 0 0
16.75502773315531 11.20935164572546 0 0
21.12202048301697 16.78088748266496 0 0
23.1696605682373 21.39084935188293 0 0
26.43662880841156 24.48003627757594 0 0
28.21522355079651 27.91100163768926 0 0
28.92557978630066 28.25566363033772 0 0
31.05888962745667 30.41229011541549 0 0
35.55437922477722 32.73623585700989 0 0
36.02667050548318 35.86717247962952 0 0
36.37279346980696 36.09609309158965 0 0
38.4530331445578 36.48841798786358 0 0
39.098769747746 38.92730220797134 0 0
45.69602012634277 39.15971601115778 0 0
48.29014087685537 45.82968117411168 0 0
49.07381540919807 48.34233284998238 0 0
50.48969984054565 50.36545395851135 0 0
53.61289645796857 52.29927937594576 0 0
54.19540607316137 53.63280786228528 0 0
55.50285189492809 54.24526395753097 0 0
61.45488736222379 55.62409006508338 0 0
70.58483362197876 61.60545742173576 0 0
72.74302244186401 70.86875200272706 0 0
73.64218236559545 72.78414964675903 0 0
75.97298622131348 74.35401082038879 0 0
79.16655627419888 76.13545525519214 0 0
80.05507103293616 79.93923331628849 0 0
83.45279097557068 80.8335153126399 0 0
89.31744376603947 83.5913220871507 0 0
91.15542747920743 90.76111786225643 0 0
92.75705510072535 92.39694124315103 0 0
96.5374478891098 95.14829683732235 0 0
97.1972104305015 96.9288388043359 0 0
98.65968287099327 97.34399338605338 0 0
27
5.114936828613281 5.497860908508301 0 0
5.97224235534668 5.899189026100515 0 0
9.113528896434531 10.1052463054657 0 0
15.1913046836853 15.25051240444472 0 0
19.40057519508348 19.66760273338598 0 0
21.86067008327587 21.99961895993639 0 0
23.57629775662832 23.63773777857591 0 0
28.04558873176575 28.24093103408813 0 0
30.92201352119446 31.02604746818542 0 0
41.74036734511087 41.81408104543845 0 0
45.06977796554565 45.72595366529219 0 0
53.15390229225159 54.35885190963745 0 0
55.13166928231205 55.62245509032314 0 0
58.79725315354406 58.32918624871519 0 0
61.33190238301241 61.5738612675455 0 0
69.16632056236267 69.64938383845659 0 0
76.37867745251836 76.39671622332193 0 0
78.4798911930522 78.62823240511374 0 0
82.23908134071394 82.70769715309143 0 0
84.12780951649181 84.18679215837031 0 0
85.32752402231817 85.36866146911616 0 0
86.73276461710078 87.71777858130854 0 0
88.07781338691711 88.87499570846558 0 0
91.92503224261925 92.12519716883486 0 0
95.47029733657837 96.67474627494812 0 0
97.34311699867249 97.44637617940769 0 0
97.93521761894226 98.24473780020838 0 0
27
1.743035001002588 2.647074743760906 0 0
2.792034681129201 3.232130692710163 0 0
10.13391613960266 10.51433682441711 0 0
11.09511256217957 11.20471954345703 0 0
12.43400573730469 12.54769563674927 0 0
24.13228116042774 24.13600087165833 0 0
24.78116016068117 24.91058985472705 0 0
25.54157848233951 25.58553814888 0 0
25.60741305351257 25.95919966697693 0 0
28.20808799369448 28.67274284362793 0 0
31.12690716589862 32.00956124388685 0 0
32.60006226921641 32.71070424928861 0 0
36.42833612755491 37.33745813369751 0 0
38.3726788639287 38.78102350884901 0 0
39.60867325013285 39.89221257211325 0 0
44.64666247367859 44.89936828613281 0 0
53.53332757949829 54.06891107559204 0 0
59.64996691292393 60.34987009554882 0 0
67.29264286859657 67.45203137397766 0 0
68.04152131080627 68.13623309135437 0 0
72.10352420806885 72.91068434715271 0 0
80.86307644844055 80.89222311973572 0 0
84.60742690898221 84.82502093557592 0 0
87.09834259770402 87.10697937135838 0 0
87.99279787997811 88.18025426346017 0 0
94.26700472831726 94.54044320921388 0 0
99.49297715517966 99.95802832888646 0 0
