# Status file for ctqmc. Used to save all times t_s, t_e.
8
6
0.3566920757293701 0.3633264022006699 0 0
2.789777517318726 2.813035249710083 0 0
19.60355043411255 19.53791975975037 0 0
32.07463674619652 31.76879638311014 0 0
33.46940801919069 32.57641196250916 0 0
72.25710153579712 72.00514674186707 0 0
2
43.58486533164978 43.61516237258911 0 0
76.81799530982971 77.20611095428467 0 0
33
0.188316084147888 0.3036614487168242 0 0
1.204706990035843 1.433788989842215 0 0
1.732054409014108 1.880746698469167 0 0
2.018227686447074 6.085085336508939 0 0
6.032490730285645 12.08620246744719 0 0
14.92956899308504 15.31936619907413 0 0
18.74882987512692 18.77933265532424 0 0
20.44863104820251 21.37455890078387 0 0
23.23150854004412 23.24250378782111 0 0
23.64471554756165 25.5078136920929 0 0
29.51190407595746 33.57040164745395 0 0
33.61066715091751 34.60552533100375 0 0
36.44150102456817 36.45651678459132 0 0
37.45727450223882 37.96868222116136 0 0
38.49946419826828 40.04311390177894 0 0
40.08316643142515 42.19310017676001 0 0
42.22828539839272 45.13581991195679 0 0
47.76631896342571 59.11074449126232 0 0
60.25953345012316 60.26018857955933 0 0
60.81913771548403 61.76228523254395 0 0
62.26495504379272 62.39344898374171 0 0
62.54826847471073 62.63683438301086 0 0
65.66896946602161 65.78675805918958 0 0
69.73920751965504 69.80104180888476 0 0
70.11876774746837 84.3087989812758 0 0
84.16231784358834 85.4328453540802 0 0
85.41246652603149 88.23173120338029 0 0
89.07881751302664 92.44125744764617 0 0
93.4124562207688 93.7877988152195 0 0
94.04321679820653 94.39496766645 0 0
96.34556174278259 96.57200574874878 0 0
96.91271584887185 97.31215238571167 0 0
97.47111041825023 98.56745487888668 0 0
39
3.959924722529514 1.277654779603742 0 0
8.365269745880326 4.013610488626345 0 0
10.52909682778393 10.08344888687134 0 0
14.58022160790033 11.37398628550628 0 0
21.9889451990088 14.58868980407715 0 0
24.93598455443866 21.99056556167805 0 0
34.86431066852447 33.62821284533055 0 0
35.53472400407638 34.88556146621704 0 0
35.87663715846777 35.38068532943726 0 0
37.11873302057512 35.62022922533828 0 0
40.83493213202143 37.22864324860538 0 0
42.11849863945488 41.60955828972924 0 0
45.9119975566864 42.93307650425409 0 0
47.61142730712891 45.99818687732842 0 0
48.06685103114767 48.05010237137216 0 0
52.18675425656141 48.07494615011383 0 0
54.5596182346344 52.74144360050756 0 0
55.69792985916138 55.34364208232515 0 0
57.35803955170482 56.51999711990356 0 0
59.67910694653074 57.98716123486857 0 0
62.68601969484158 60.24816307755 0 0
66.40553403243659 66.34593264129194 0 0
66.56168699264526 66.43307209014893 0 0
66.88162611498939 66.69553740923426 0 0
68.23301315307617 67.73785948753357 0 0
70.49006819725037 70.26399374008179 0 0
75.1821244031802 74.7872238381681 0 0
76.12460621441019 75.32706631390391 0 0
76.20497467829065 76.16272568702698 0 0
77.31876373291016 76.83500051498413 0 0
82.67473042794578 82.68584432043329 0 0
88.47137689590454 87.3429649005824 0 0
88.9075138494612 88.60854506492615 0 0
92.82551141436396 89.16078805923462 0 0
94.41083669662476 93.32721969139328 0 0
95.38769186709214 94.41121816635132 0 0
96.18643512290529 95.73418326674066 0 0
98.70816321163227 96.28524810809819 0 0
99.32347786285068 98.7908062363951 0 0
38
2.221020070083198 0.0394329933407977 0 0
8.406692743301392 7.913297414779663 0 0
15.10217686800985 8.720703607251323 0 0
15.7670240911663 15.55152968979386 0 0
17.41898860412353 15.97053896909492 0 0
18.30346430398495 18.1406788291411 0 0
24.03540215194795 23.16078192727721 0 0
24.68700612766842 24.15271546075193 0 0
33.05336391007291 24.96954484287185 0 0
33.23054909706116 33.10055136680603 0 0
34.93074178695679 33.61104130744934 0 0
37.90724715928709 36.38265913663586 0 0
38.77072432174804 38.09170403648407 0 0
39.35431838035583 39.31299739938285 0 0
42.56652820521153 40.39550592159839 0 0
44.53793839415567 42.80034513779373 0 0
45.82817412126504 44.55258888787061 0 0
49.52896364549098 47.8154306506364 0 0
50.39507809447921 49.65180062557085 0 0
52.63057786505564 50.56009119460106 0 0
53.58837842941284 53.00266252577435 0 0
57.98583030700684 53.8861689119267 0 0
60.31020278865378 58.89026539197158 0 0
61.67701212736391 60.32500022171804 0 0
62.28315830230713 61.71576816379476 0 0
63.47946047835188 63.56071946197872 0 0
67.2292081049944 67.01258424333361 0 0
69.03173527428361 68.9838482976988 0 0
69.27869551030881 69.07967771920559 0 0
70.60785889625549 69.47125350082018 0 0
79.25815474189777 70.98802578328059 0 0
82.26741988647227 79.48725248599615 0 0
87.14537180793371 82.54771987821685 0 0
90.07600848665543 87.38308548927307 0 0
94.28123505836109 93.35524685612916 0 0
94.3902163617888 94.3613326855143 0 0
99.30844935683201 98.38305623296601 0 0
99.65010138480135 99.53528339897939 0 0
40
1.526117324829102 0.05379473006012636 0 0
3.726382629984673 1.92649165996706 0 0
4.623591017220221 3.817665576934814 0 0
5.120354890823364 4.911892877039747 0 0
11.93654537200928 5.67173957824707 0 0
12.49923222360074 12.40662422650034 0 0
12.72482883998449 12.70770599290731 0 0
13.49112987518311 13.02429788716526 0 0
16.30416746486537 14.16603922843933 0 0
18.69282305935588 18.27302725251228 0 0
21.43113064350943 18.72478236535038 0 0
22.70807027816772 22.16241955757141 0 0
23.74006509780884 22.84749222647489 0 0
26.32177472114563 25.52896315756605 0 0
33.36323776892024 29.33222055435181 0 0
34.36393642472893 34.35351475055484 0 0
34.45599266228082 34.45560336112976 0 0
41.58079624176025 37.93189107281023 0 0
44.35440897941589 41.66534543037415 0 0
45.31758711385029 45.2593982219696 0 0
50.27804315050988 46.01595401763916 0 0
50.87811952081515 50.33449300906979 0 0
52.56232023239136 51.55916544709089 0 0
58.66930256649124 52.65517234802246 0 0
59.98644130792827 58.72004628181458 0 0
60.0732694807764 59.99081708167598 0 0
68.88622045516968 60.23027426147071 0 0
70.47066177569812 68.95101218754459 0 0
74.71350852353734 70.58858609866441 0 0
86.62043602968222 75.40041437310742 0 0
87.13497519493103 86.77345608935725 0 0
87.66930282311883 87.30641007423401 0 0
88.28863961467525 87.78893685335227 0 0
90.70855672638945 88.83094787597656 0 0
94.36640092915087 91.84713211813363 0 0
95.44903635978699 94.58986981165627 0 0
96.57372335947812 95.76758742332458 0 0
98.71729120702199 96.67216916241611 0 0
98.98485334437623 98.95820617675781 0 0
99.7075617313385 99.46481187158153 0 0
44
9.102654952297849 9.41472403424893 0 0
11.72116390640218 11.91341387819925 0 0
12.19602823257446 12.29372024536133 0 0
13.28400392288174 13.605086414891 0 0
14.02671337127686 14.30636644363403 0 0
14.47430626028268 14.65151599865826 0 0
15.0155717437837 15.02983326074699 0 0
15.092533826828 15.11141496521105 0 0
15.53382113869478 15.64332246780396 0 0
15.83719849586487 16.28233194351196 0 0
17.74233042712875 18.12387771852215 0 0
20.28573228752109 20.35377866859347 0 0
20.87133526802063 21.04971408843994 0 0
30.72287440299988 30.73132634162903 0 0
33.78889126813505 34.87446308135986 0 0
38.05280327796936 38.11604532471833 0 0
39.47890996932983 39.65874910354614 0 0
41.91933296657453 42.0644547204013 0 0
44.224613904953 44.27192211151123 0 0
44.45180892944336 44.50548324472273 0 0
46.51438789001467 47.09962248112436 0 0
48.63993824166766 49.11481943833175 0 0
50.26112141384241 50.74672179067306 0 0
50.83114342458151 51.20399594306946 0 0
51.57191157341003 52.44991136059453 0 0
54.86368985472228 54.90835600437948 0 0
56.31949305534363 56.49813413619995 0 0
56.7195315633268 56.99860495358901 0 0
57.60832707851802 57.62729328926503 0 0
58.67523438782959 59.07128366630549 0 0
59.53218340873718 59.81648144519127 0 0
60.93018651008606 61.0207736492157 0 0
66.55639087110676 66.76637530326843 0 0
71.54894884091351 71.64040032670094 0 0
71.75867791164035 71.77695690677449 0 0
76.69232397282509 76.91311967566124 0 0
77.41365336484776 77.68667583061213 0 0
80.46308021396264 80.73690708926659 0 0
83.70358738776909 83.7346441485074 0 0
86.27783524952635 87.01736330986023 0 0
87.07389104598339 87.97503947495032 0 0
89.23985529953936 89.39219745274696 0 0
91.04412198066711 91.11973643302917 0 0
93.56687413899033 94.00111462821106 0 0
34
0.5237400282012548 0.1434624195098877 0 0
10.2895131600811 1.109487030528461 0 0
10.68840334950719 10.65636277198792 0 0
12.7373993396759 10.70024355822233 0 0
14.80827645391012 13.10212499783943 0 0
15.02392837858453 14.88752095228818 0 0
17.35379695892334 15.33248391984521 0 0
21.70805335044861 17.41475462913513 0 0
23.03830981254578 21.84879183769226 0 0
26.58935077487603 23.31765668623519 0 0
26.96761698131943 26.63913190639683 0 0
32.38215446472168 27.11308260544789 0 0
39.66322435311524 32.42383599281311 0 0
40.21330271332175 39.67723795290941 0 0
40.87400436401367 40.60419201850891 0 0
41.85983010061022 41.11078977584839 0 0
44.55207471200092 42.09676150723056 0 0
45.01319705079814 44.90806428608226 0 0
45.36587786902205 45.05636187018197 0 0
47.27381585219246 45.56412331657974 0 0
62.41893768310547 47.37505073256586 0 0
67.82862544059753 62.76605129241943 0 0
71.99546277830447 68.30732226371765 0 0
77.98876166343689 72.11287969893121 0 0
80.20472526550293 78.48164439201355 0 0
84.3779981136322 80.26791904569295 0 0
88.24160803573022 84.78621151772603 0 0
88.93175969556656 88.48764625051926 0 0
91.92038811581823 88.97608698836173 0 0
92.94478855955472 92.05444848868061 0 0
93.72350951835162 93.14868736841899 0 0
96.31499052047729 93.73105797581465 0 0
98.4361124121443 96.41506208662429 0 0
99.5511818804578 98.93906969450364 0 0
