# Status file for ctqmc. Used to save all times t_s, t_e.
8
0
3
62.55472898483276 62.79113292694092 0 0
65.40972652641234 64.93561553467823 0 0
99.86315369606018 99.91805342639282 0 0
33
0.8774242569291406 1.805692312026963 0 0
2.805966859990758 3.272803417266923 0 0
3.369336435417503 3.840125699080266 0 0
4.338445711653333 4.474284833275747 0 0
9.403282403945923 9.486423637055772 0 0
10.03912773004806 10.16052351979572 0 0
11.32412980095223 11.4753925166157 0 0
12.6668850906923 13.73506528705166 0 0
15.68136380228026 15.98169085561477 0 0
19.96470639138348 20.47734629960782 0 0
29.28369623397382 29.93062867846017 0 0
31.27236479756482 31.3467540062322 0 0
31.42986937825243 34.09545246039353 0 0
36.9601087169936 37.29970455169678 0 0
37.82141208648682 37.90728898521861 0 0
38.77019769117318 39.4579272233325 0 0
42.78274490185294 46.72899975028868 0 0
47.589111328125 48.01426868298462 0 0
48.13495027534117 48.27345343282695 0 0
49.11609695920261 49.29847642728036 0 0
51.4205688105418 52.78719067573547 0 0
54.41543831682996 54.53749566227529 0 0
54.71452964796154 55.1941367049745 0 0
55.21877974730837 55.28239607810974 0 0
55.98934292793274 64.29861187934875 0 0
64.15165662765503 67.75596327775014 0 0
67.82690435842066 68.998197508654 0 0
70.04420701143889 70.70557475090027 0 0
71.94517850875854 78.16557827587881 0 0
80.29856283217121 80.36946386431407 0 0
81.25174255366994 82.33650922775269 0 0
83.59670639038086 90.08854031562805 0 0
99.00534152984619 98.77121389979543 0 0
31
0.2429842948913574 0.2934029830221511 0 0
1.306723740718496 1.434636995666286 0 0
4.877358675003052 4.99308705329895 0 0
7.760290211137563 7.95692829625135 0 0
8.388235908241743 8.427288974733596 0 0
12.31550490910251 12.76986002922058 0 0
14.70921434543658 15.40813279302257 0 0
17.70391193115411 17.75644220299498 0 0
24.47026359631662 24.58475168476004 0 0
26.36285424232483 26.72249674797058 0 0
27.19569714767367 30.82574376736629 0 0
36.01474165916443 36.82429194450378 0 0
39.89767795889279 40.24636384189897 0 0
40.275639295578 41.89190864562988 0 0
42.04204668698139 42.41999736647718 0 0
44.44621801376343 46.25950144579889 0 0
47.2352032939111 48.32995488568249 0 0
49.4704101109097 50.42743682861328 0 0
50.93761139121192 51.46520354153419 0 0
53.49234184507322 53.51144833443205 0 0
53.67926859069038 57.94342780044641 0 0
60.7700875834571 61.62332703737403 0 0
62.78389313872209 62.83774116734131 0 0
71.81562652025512 71.91112041473389 0 0
72.70939064365699 75.26522434743964 0 0
75.79263308916461 78.77652549515616 0 0
79.46780326267586 84.17917937267883 0 0
86.64882742778801 88.17948915004615 0 0
88.92632382404855 89.20748303101128 0 0
90.73131118646754 90.75140252026819 0 0
91.15485975710422 99.6884510766629 0 0
35
1.744417436967643 0.3623843193054199 0 0
11.37208176290569 11.3563176866208 0 0
12.25131154060364 11.93793416023254 0 0
25.27401447296143 24.27396774291992 0 0
30.91995236163314 26.12464064771556 0 0
31.60094193465287 31.49394409281496 0 0
31.78192250857632 31.66966117443035 0 0
32.04640726954124 31.91823851130922 0 0
33.64834596839895 32.34356299571348 0 0
33.74640345573425 33.72142910957336 0 0
37.10312919514622 33.82111923445782 0 0
44.21187416934022 37.41215531514391 0 0
45.31466114996984 44.65065079431226 0 0
46.41914420157343 46.13142447400926 0 0
48.04099798202515 47.64402745093142 0 0
49.50904914183798 48.25211763381958 0 0
57.21277793690879 51.07732193224962 0 0
59.2667278325241 57.86854028701782 0 0
64.80303406715393 59.60530042648315 0 0
66.02913386848677 66.01391434669495 0 0
66.39288663864136 66.31394028663635 0 0
69.87621464860111 66.40493305378854 0 0
73.1564678939025 70.04878465926579 0 0
73.25809597969055 73.15822839736938 0 0
74.77428913116455 73.39301705360413 0 0
82.06952690587194 79.65481581552223 0 0
82.40363597869873 82.1318433697124 0 0
84.31253985007233 83.41879844665527 0 0
84.86267791032913 84.31961366835162 0 0
88.64611988084835 86.59559306941124 0 0
90.17022848129272 89.67362642288208 0 0
90.93282283274171 90.74347192519286 0 0
92.64290505392628 91.98801034322015 0 0
96.35873436927795 96.40049618456501 0 0
98.44939019069594 98.54989826592015 0 0
32
0.1170083209079706 0.6891344088727696 0 0
3.587740659713745 3.856557607650757 0 0
4.89384709677196 12.2502647651438 0 0
13.25789824639291 13.32022470945791 0 0
16.37400674035763 17.07891008436672 0 0
20.75049472110166 22.01913595199585 0 0
23.1178343296051 24.17895793914795 0 0
24.19695854187012 26.98137760162354 0 0
30.3346842325588 31.03700881909718 0 0
34.07423001504424 44.03459926350156 0 0
48.04007756933686 49.48977702938321 0 0
51.30681652678637 51.48977374183553 0 0
57.62287974357605 59.27652132337105 0 0
60.74425177077041 60.78720307792016 0 0
61.97184403503245 61.97330511537842 0 0
62.09027175241987 62.31398377910938 0 0
62.74119787672052 63.11612651627983 0 0
65.51734805107117 65.66387414932251 0 0
66.45957738945683 68.15486612408272 0 0
75.50931304599982 75.53794139093425 0 0
78.63363101607916 78.92539501190186 0 0
79.08366322517395 79.10197869773022 0 0
79.11494374275208 79.43929989878583 0 0
85.09977583889365 85.12235879898071 0 0
85.28732935373648 85.62249434131944 0 0
87.09838552841646 89.57033764401351 0 0
89.76335054124804 90.13479445794928 0 0
90.19291772119701 90.55272739989925 0 0
90.93733912998887 91.59802810349009 0 0
93.53647559208459 93.58623027801514 0 0
93.80035996437073 93.88511512957507 0 0
98.28080257808394 98.29516780675945 0 0
46
0.2451241016387939 0.3690004348754883 0 0
0.7248408586670578 0.905127843440992 0 0
2.200597524642944 2.481859922409058 0 0
2.69014835357666 2.916038036346436 0 0
3.194394659421928 3.376142114459933 0 0
3.51917665926034 3.642233993664537 0 0
7.044699357254558 7.044915024766452 0 0
12.6140037228316 12.76915220818857 0 0
13.1859275851654 13.98871541023254 0 0
14.56660032272339 14.60208229042715 0 0
15.95394020989148 16.00103136480373 0 0
17.67812000698651 17.90525105839187 0 0
18.13609978420876 18.2509465817144 0 0
18.34453332879809 19.10192108306992 0 0
23.55490656830526 23.82535338401794 0 0
24.43914413452148 24.45873982127196 0 0
24.8889684677124 25.14474391937256 0 0
27.06059217453003 29.18500194270308 0 0
32.27881193161011 32.32165575027466 0 0
33.9190564618796 34.15669906898131 0 0
35.49865013166014 35.65136790275574 0 0
48.5177317391264 48.6869215965271 0 0
49.26848466016749 49.3798273449045 0 0
50.92714061851699 51.24142169952393 0 0
51.31712555885315 51.94314661698012 0 0
53.29457585323185 53.38669051878104 0 0
54.45489654187515 54.64359286084932 0 0
54.70134892716342 54.95564260240982 0 0
56.80583715438843 56.86085224151611 0 0
58.09240304439037 58.0994611122787 0 0
64.77649085711157 65.6283840203884 0 0
65.76091716870319 66.015295734007 0 0
68.3022141456604 68.57002973556519 0 0
68.64280700683594 69.43236335737062 0 0
69.53085273061556 70.60133814811707 0 0
74.6616740400443 74.7313928130711 0 0
76.23677983779527 76.34579748039079 0 0
79.44825410283727 80.84112275581415 0 0
83.5644741856362 83.86028409004211 0 0
84.87464962357257 84.94822421197732 0 0
85.51350594024859 85.52496374021685 0 0
85.66863341196701 85.90997211743203 0 0
86.21495962142944 86.68455467858064 0 0
87.59264349937439 87.71700859069824 0 0
89.11111968512471 89.43416123513434 0 0
90.03884656636757 90.05492462412137 0 0
37
0.6283921770648959 0.7150258051058032 0 0
2.729630470275879 3.112590312957764 0 0
3.26087474822998 3.309458494186401 0 0
12.00109868171609 12.12889959628019 0 0
12.53783148339398 12.65937292698602 0 0
14.48288059004503 15.3685173418729 0 0
21.08467837790998 21.15581548962442 0 0
30.89088524427384 31.25311498161529 0 0
33.75334608647768 33.84554982185364 0 0
34.50116515159607 34.60266655057049 0 0
36.23366115381152 36.23463908890017 0 0
38.26932907104492 38.75687012460434 0 0
46.48175308425579 46.99562406781569 0 0
49.70074638531968 49.86356317079139 0 0
51.05805397033691 51.25108361244202 0 0
53.02954493862894 53.23324203491211 0 0
53.5653033170405 53.59463599292373 0 0
54.66995239257812 54.92250050968764 0 0
58.45423884037189 58.72164368629456 0 0
60.15004845267737 60.69878198014297 0 0
61.39203354933256 61.49986360525897 0 0
63.67569052024385 65.15747308731079 0 0
69.93746757473804 69.95574235916138 0 0
70.63013911247253 71.06722593307495 0 0
71.10601663589478 71.52654303630079 0 0
71.83371782302856 72.02748600706204 0 0
73.39176258195482 73.62614944865331 0 0
77.42999263795632 77.52231359481812 0 0
80.16695976257324 80.3615895057121 0 0
83.45631125299202 83.46146318009694 0 0
86.58719653944638 86.59558296203613 0 0
86.89255553714665 87.53059506416321 0 0
90.19052386283875 90.38823843002319 0 0
92.63514876365662 93.02243590354919 0 0
98.08853058844988 98.14816117286682 0 0
98.32147359848022 98.39419682133483 0 0
99.01134371757507 99.02769131033526 0 0
