# Status file for ctqmc. Used to save all times t_s, t_e.
8
7
9.460568428039551 9.468121576894362 0 0
19.66053395563989 19.67655273380265 0 0
30.81905841827393 30.92060685157776 0 0
46.62309885025024 46.62574529647827 0 0
49.37121272087097 49.62616562843323 0 0
49.95220899581909 50.2356231212616 0 0
72.48107194900513 72.28663563728333 0 0
5
19.26327347755432 19.31935997353094 0 0
23.19526672363281 23.74569177627563 0 0
46.66500464207957 46.90640360191551 0 0
82.58544206619263 82.71277546882629 0 0
86.31667494773865 86.95789575576782 0 0
42
4.479885101318359 3.660318650124641 0 0
11.33872270584106 6.197191837115982 0 0
16.47741074261155 11.52095198631287 0 0
20.24891972541809 19.29771304130554 0 0
22.47969643591169 22.333023167626 0 0
22.85296203862461 22.78111795426749 0 0
24.60057945397869 23.01566004753113 0 0
25.20669102668762 24.65319633483887 0 0
26.08520258141698 25.52798091863055 0 0
26.31349595435285 26.28244033659319 0 0
26.96087956428528 27.14088512233387 0 0
32.95369140468551 30.07323741912842 0 0
33.82795453071594 33.44437479972839 0 0
35.16480940242114 34.05204630602654 0 0
35.51515764088956 35.38888096809387 0 0
36.11088991165161 36.03247404098511 0 0
40.03252387046814 37.39806720723919 0 0
40.56049704073116 40.18257260322571 0 0
41.50422321172098 41.39177203178406 0 0
43.16647515173947 41.77510382432661 0 0
49.12417531013489 49.07228350639343 0 0
52.27513313293457 51.93877816200256 0 0
54.51259930452499 52.73580355990944 0 0
54.64123547868948 54.6107553844634 0 0
55.20315779690391 55.18157924171587 0 0
55.79671943058175 55.31150411113669 0 0
56.59377250922621 55.98719488099277 0 0
60.05941903287626 58.79075224838849 0 0
61.65876984596252 61.5503433499594 0 0
67.52948521267039 66.17393073699373 0 0
68.03989835004 67.9404195560565 0 0
70.24338208551373 68.1042267940274 0 0
72.36784100532532 70.24980169983905 0 0
74.4369010935675 72.41603627298146 0 0
75.99204045977208 74.63600811640664 0 0
77.95607297545006 76.04036187509647 0 0
78.9137991259217 78.16307908186883 0 0
80.49603394259528 79.2813180800605 0 0
84.5210075378418 84.45738554000854 0 0
88.34924634558661 87.78300221231653 0 0
94.86500024795532 94.62113669591272 0 0
99.0810448654333 96.86003179372372 0 0
43
5.806523559352541 2.323388783190087 0 0
6.99405437593765 6.675072238945583 0 0
10.50935999272959 7.251956437133487 0 0
11.48213424336999 10.56841789773437 0 0
12.2737843613874 11.99972737922192 0 0
14.50877758494341 12.32282646629329 0 0
17.43657674736878 16.18175493257651 0 0
17.52057588189226 17.51092267813019 0 0
22.80535595842971 17.56877601538558 0 0
25.14915466308594 23.28037760645991 0 0
26.57028840257141 25.52344925176381 0 0
29.82390522956848 28.071152825008 0 0
31.41680114939453 29.95410776873761 0 0
33.37695002555847 32.70381465204682 0 0
33.9844036621912 33.69762897491455 0 0
34.04443264007568 34.03756618205995 0 0
35.43324548107343 34.07815754747286 0 0
36.33200181270325 35.6167200493461 0 0
36.79381403299847 36.42782973628137 0 0
37.23114158359122 36.92106532340754 0 0
40.04701886707455 39.9770975112915 0 0
45.87707564271372 44.53189079474882 0 0
51.52599854477605 46.01782560348511 0 0
53.17241934100509 52.21029261978405 0 0
53.9571225643158 53.17706857707891 0 0
56.07888363712645 54.0411651134491 0 0
57.10107884889414 56.55996335109322 0 0
60.57514320984777 57.16719152814969 0 0
66.75936151963847 66.03815191012927 0 0
67.65215917928498 67.02781915664673 0 0
70.73143311402413 70.20975947380066 0 0
79.55792546272278 78.99500131607056 0 0
87.6644492149353 86.15785837173462 0 0
87.95531988143921 87.88046836853027 0 0
88.82769346237183 87.96195457840044 0 0
90.10969900558825 90.39271017089929 0 0
91.32332550087301 91.83666110038757 0 0
93.37504184337658 92.62766935698561 0 0
93.80699992179871 93.7880892055549 0 0
94.69381049016455 93.85257287705512 0 0
95.53198666186918 94.86829837180875 0 0
95.92496855190815 95.67480693335338 0 0
98.48878709930418 97.29689955711365 0 0
43
0.6134688854217529 0.6337344646453857 0 0
2.114159721528843 2.140670262847324 0 0
3.233505440836849 3.309340608733254 0 0
3.46150315353046 3.987213790609786 0 0
4.485183474654781 5.153215785061679 0 0
5.675995805053949 6.868576919424285 0 0
7.224701835189047 10.08833184970951 0 0
10.81450331492329 10.943189858185 0 0
13.20722103118896 14.80556103852136 0 0
15.08694503528158 15.25844931602478 0 0
15.54516787461302 15.79672693208779 0 0
16.47983193397522 21.79369572262644 0 0
21.80315852165222 21.81610465049744 0 0
21.90141379161911 22.69487750616315 0 0
24.06720798111567 25.07534368693099 0 0
25.11709175658832 25.36956157824125 0 0
25.396497974479 26.43694003434345 0 0
28.03987392934232 28.39567356697376 0 0
30.6786047628961 32.08073202603681 0 0
35.38547158241272 36.47737681168373 0 0
37.83078787071641 38.45471576221777 0 0
38.85034605233066 39.08424740472029 0 0
45.95308099641532 46.12672281335016 0 0
48.36496928989487 48.99893991513326 0 0
51.07171414950587 51.08013205388837 0 0
51.38896543746392 56.87202439607402 0 0
58.81490707397461 59.20001864433289 0 0
59.32330372583942 61.3506694318858 0 0
64.41640942012434 64.58979009969418 0 0
67.50198640217292 67.60050973517014 0 0
71.74135830596811 71.76298499107361 0 0
72.55299687385559 72.6685482823101 0 0
74.93745578706239 75.31487202394557 0 0
78.52278646680432 78.77294873951155 0 0
79.07207106644135 79.40503469134724 0 0
80.1839435097779 80.50716706694051 0 0
82.3043334342002 82.43480508095206 0 0
83.74427894489442 84.45712832035836 0 0
89.75458783139649 89.90597724914551 0 0
89.95979534592512 90.0620698928833 0 0
96.25213008021258 96.76577219857457 0 0
97.56073951721191 97.62307497388679 0 0
98.08250665664673 99.36926119671605 0 0
44
1.456323760110878 1.494777202606201 0 0
3.436410163556638 4.277708826427546 0 0
5.995405001635734 6.128879881529555 0 0
6.796203095646887 8.939929520553537 0 0
9.226822853088379 9.333169460296631 0 0
10.13180972169864 10.31959722010372 0 0
11.30119568604062 11.60949777429205 0 0
11.76855564117432 13.39045763015747 0 0
13.27722717664115 14.25377727894841 0 0
15.22583961486816 15.65105196803863 0 0
15.7769501209259 15.89705348014832 0 0
16.07209072834882 17.35576259552911 0 0
17.67702238463526 17.75179247852117 0 0
20.28640695518329 20.53850889205933 0 0
21.19377851486206 21.6378685114672 0 0
22.22247719764709 22.27271248250316 0 0
23.54203817841626 23.71168627462874 0 0
30.22041638389814 31.00674152374268 0 0
30.89118599891663 33.09519415311664 0 0
34.03251096613133 34.31858242882534 0 0
35.29664764862473 35.49390534140896 0 0
36.88078662379436 37.00122977051135 0 0
37.46234513841792 37.5748611481038 0 0
38.76299428674825 38.79618962495592 0 0
41.4636492729187 42.11685657501221 0 0
43.3456306392483 43.76499679448051 0 0
44.68896687085597 45.66935533237363 0 0
47.50523775777571 47.67857453523681 0 0
50.78256130218506 50.89696049690247 0 0
51.73577070236206 54.7135436194619 0 0
56.01192116737366 56.1281681060791 0 0
58.70823860168457 59.05095338821411 0 0
62.21402634891299 63.06369304656982 0 0
63.97569334005482 64.10689367149453 0 0
65.63968165769204 66.44932857055431 0 0
67.10567474365234 67.14220285393039 0 0
67.32488002580843 67.79249784703666 0 0
70.27000682137903 70.68687968915036 0 0
73.55283669432166 76.05292620078387 0 0
76.18345132605059 78.36811773616942 0 0
84.1266274505647 84.82100548377372 0 0
87.24146205198906 87.75550441751447 0 0
92.73271747305878 92.79009084314752 0 0
96.89034571572499 97.68389612175952 0 0
40
0.731307310162066 0.9855039893989708 0 0
2.90985107421875 3.277093172073364 0 0
5.134388869261386 6.411477379135277 0 0
6.908643245697021 6.962001323699951 0 0
13.41158747673035 13.56034917047472 0 0
16.37870071863012 16.7187786935808 0 0
24.8572966726279 24.87360835075378 0 0
32.3077363131131 32.38163565294698 0 0
35.86984490894305 35.90123464853493 0 0
38.21363636056167 38.53611329678846 0 0
38.94486420530126 38.99465432685967 0 0
39.70394791235457 40.00798832872328 0 0
40.05373168644214 40.17679018078302 0 0
40.4089895578259 40.51030057326219 0 0
44.47779655456543 44.61721777915955 0 0
50.46515464782715 50.5730926990509 0 0
51.26259326934814 51.40010118484497 0 0
54.1468041608646 54.15012219919003 0 0
54.3804894288974 54.56412611819584 0 0
56.00378513336182 56.22080531267279 0 0
57.04290802188909 57.22451846670516 0 0
57.50230700374118 58.88337221946951 0 0
59.02737927966612 59.20586985455532 0 0
59.81450080871582 59.9062303179106 0 0
61.91547513008118 62.17597723007202 0 0
65.96994719295965 65.99050164222717 0 0
66.77375810760083 66.86663031578064 0 0
69.4000296635714 69.55599784851074 0 0
70.68411111831665 71.16987213160257 0 0
75.13903975486755 75.47671794891357 0 0
80.26940822601318 80.49137592315674 0 0
86.32833361625671 86.82795763015747 0 0
88.14671163238937 88.506657572062 0 0
88.54291471924175 88.56428752034182 0 0
91.38046230697924 91.39130404135985 0 0
92.63186206741395 92.6632802288613 0 0
94.06248252242115 94.10410366433904 0 0
95.7275549542843 95.80459594726562 0 0
96.74672660900114 96.94390892982483 0 0
99.76323246955872 99.85748011003479 0 0
36
2.047421639383645 2.105439631830366 0 0
3.308916171356436 3.491518080755355 0 0
4.751935974534493 4.763841162880554 0 0
4.849725961685181 4.93357288657789 0 0
10.43962647188863 11.32033830739797 0 0
11.34535670280457 11.38273073285621 0 0
11.8732474079228 13.38098049163818 0 0
14.12187882543655 14.89916656620513 0 0
15.72957038879395 16.05422492700605 0 0
19.73201632499695 19.7655975818634 0 0
23.21750521659851 23.24499487876892 0 0
27.57487220860889 28.15209725417705 0 0
30.1827647315002 30.25679575669844 0 0
30.28099132023717 30.29696750099829 0 0
31.56786095386455 31.7422115830403 0 0
36.35908365249634 36.81096837947461 0 0
42.08897563648897 42.63162016868591 0 0
42.64618754386902 42.88831353187561 0 0
43.36339831352234 43.37659366496105 0 0
43.57303380966187 43.57525110244751 0 0
46.02601418598405 50.54400138763533 0 0
52.02972292944772 52.26214187647859 0 0
53.77810444959653 53.85392904281616 0 0
55.28911143482292 55.36449543489359 0 0
58.80093574523926 58.95278453826904 0 0
59.63307731447859 59.91865396499634 0 0
66.70262065992176 67.00239727429926 0 0
70.17032913392609 70.18390893936157 0 0
71.01489917555976 72.33656795686319 0 0
73.91636726860204 74.06848956739306 0 0
74.42916035652161 74.93398785591125 0 0
76.3025052146368 77.14253879256918 0 0
89.41225409507751 89.55951333045959 0 0
89.8500919342041 90.38617014884949 0 0
93.07236075401306 93.90240907669067 0 0
93.95395517349243 93.98309588432312 0 0
