0 -0.1654024812598 -0.5059142638771 -0.8328192836461 
0.0003255909676425 -0.1651473021708 -0.5054410409694 -0.8319731735082 
0.0003567109701508 -0.1651229353037 -0.5053958459213 -0.8318923473621 
0.000390562861502 -0.1650964339631 -0.5053466904513 -0.8318044347775 
0.0004273637989549 -0.1650676293509 -0.5052932610838 -0.8317088741503 
0.0004673462497551 -0.1650363409255 -0.5052352224847 -0.8316050645894 
0.0005107589171993 -0.1650023757192 -0.5051722161814 -0.8314923635943 
0.00055786771192 -0.1649655276273 -0.5051038592267 -0.8313700846266 
0.000608956769832 -0.1649255766658 -0.5050297428068 -0.8312374945762 
0.0006643295183739 -0.1648822882021 -0.5049494307919 -0.831093811118 
0.0007243097924936 -0.1648354121553 -0.5048624582297 -0.8309381999587 
0.0007892430019918 -0.1647846821679 -0.5047683297812 -0.830769771972 
0.0008594973517961 -0.1647298147484 -0.5046665180989 -0.8305875802206 
0.0009354651166971 -0.1646705083857 -0.5045564621482 -0.8303906168653 
0.001017563972144 -0.1646064426353 -0.5044375654712 -0.8301778099598 
0.001106238382664 -0.16453727718 -0.5043091943959 -0.8299480201317 
0.001201961049496 -0.1644626508634 -0.5041706761902 -0.8297000371511 
0.001305234418963 -0.1643821807005 -0.5040212971642 -0.8294325763864 
0.001416592253167 -0.1642954608652 -0.5038603007217 -0.8291442751507 
0.001536601264562 -0.1642020616579 -0.5036868853643 -0.8288336889407 
0.001665862815908 -0.1641015284554 -0.5035002026518 -0.828499287571 
0.001805014687162 -0.1639933806455 -0.503299355122 -0.8281394512093 
0.001954732910742 -0.1638771105508 -0.5030833941756 -0.8277524663161 
0.002115733676716 -0.1637521823445 -0.5028513179309 -0.8273365214967 
0.002288775309311 -0.1636180309635 -0.5026020690552 -0.8268897032713 
0.002474660316171 -0.1634740610234 -0.5023345325796 -0.8264099917735 
0.002674237511774 -0.1633196457411 -0.502047533706 -0.8258952563863 
0.002888404216356 -0.1631541258722 -0.5017398356146 -0.8253432513269 
0.003118108531625 -0.1629768086694 -0.5014101372834 -0.8247516111946 
0.003364351694574 -0.1627869668706 -0.5010570713309 -0.824117846496 
0.003628190510668 -0.1625838377255 -0.500679201894 -0.8234393391647 
0.003910739867441 -0.1623666220713 -0.5002750225575 -0.8227133380949 
0.004213175329815 -0.162134483467 -0.4998429543489 -0.8219369547098 
0.004536735818106 -0.1618865473998 -0.4993813438172 -0.8211071585884 
0.004882726369726 -0.1616219005767 -0.4988884612146 -0.8202207731787 
0.005252520985644 -0.1613395903152 -0.4983624988014 -0.8192744716243 
0.005647565562389 -0.1610386240493 -0.4978015692978 -0.8182647727384 
0.006069380910473 -0.1607179689677 -0.4972037045063 -0.8171880371609 
0.006519565860008 -0.1603765518042 -0.4965668541318 -0.8160404637355 
0.006999800454172 -0.1600132587981 -0.495888884828 -0.8148180861526 
0.007511849231123 -0.1596269358486 -0.4951675795013 -0.8135167699022 
0.008057564594932 -0.1592163888851 -0.4944006369041 -0.8121322095879 
0.008638890275953 -0.1587803844784 -0.4935856715538 -0.8106599266585 
0.009257864880974 -0.1583176507199 -0.4927202140139 -0.8090952676144 
0.009916625533474 -0.1578268783959 -0.4918017115771 -0.8074334027554 
0.0106174116041 -0.1573067224877 -0.490827529391 -0.8056693255376 
0.01136256853155 -0.1567558040268 -0.4897949520705 -0.8037978526138 
0.01215455173372 -0.1561727123394 -0.4887011858414 -0.8018136246385 
0.01299593060914 -0.1555560077124 -0.4875433612617 -0.7997111079202 
0.01388939262844 -0.1549042245158 -0.4863185365688 -0.7974845970137 
0.0148377475155 -0.1542158748164 -0.4850237017015 -0.7951282183461 
0.01584393151797 -0.1534894525185 -0.483655783045 -0.7926359349802 
0.01691101176648 -0.152723438067 -0.4822116489504 -0.7900015526202 
0.01804219072213 -0.1519163037471 -0.4806881160753 -0.7872187269722 
0.01924081071129 -0.1510665196156 -0.4790819565952 -0.7842809725777 
0.02051035854702 -0.1501725600931 -0.4773899063301 -0.7811816732393 
0.02185447023607 -0.1492329112484 -0.4756086738305 -0.777914094166 
0.02327693577038 -0.1482460787995 -0.4737349504612 -0.7744713959664 
0.02478170400191 -0.1472105968508 -0.4717654215172 -0.7708466506206 
0.02637288759942 -0.1461250373818 -0.4696967784008 -0.7670328595654 
0.02805476808581 -0.1449880204944 -0.4675257318801 -0.7630229740241 
0.02983180095447 -0.1437982254161 -0.4652490264395 -0.7588099177142 
0.03170862086287 -0.1425544022469 -0.4628634557265 -0.7543866120616 
0.03369004690169 -0.1412553844254 -0.4603658790802 -0.7497460040451 
0.03578108793749 -0.1399001018739 -0.4577532391203 -0.7448810967873 
0.03798694802682 -0.1384875947675 -0.4550225803538 -0.7397849829989 
0.04031303189979 -0.1370170278541 -0.452171068742 -0.7344508813677 
0.04276495051047 -0.1354877052297 -0.4491960121521 -0.7288721759685 
0.04534852665197 -0.1338990854539 -0.4460948815938 -0.7230424587489 
0.04806980063354 -0.1322507968652 -0.4428653331208 -0.7169555751192 
0.05093503601692 -0.1305426529296 -0.4395052302541 -0.7106056726456 
0.05395072540927 -0.1287746674309 -0.4360126667562 -0.7039872528096 
0.05712359630955 -0.1269470692827 -0.4323859895638 -0.6970952257557 
0.06046061700557 -0.1250603167143 -0.4286238216568 -0.6899249679016 
0.06396900251813 -0.1231151105584 -0.4247250846194 -0.682472382231 
0.06765622058927 -0.1211124063414 -0.4206890206241 -0.6747339610299 
0.07152999771099 -0.1190534248558 -0.4165152135455 -0.6667068507593 
0.07559832519087 -0.1169396608789 -0.4122036088946 -0.6583889186837 
0.07986946525098 -0.1147728896869 -0.4077545322469 -0.6497788207952 
0.08435195715611 -0.1125551710114 -0.4031687058277 -0.6408760704876 
0.08905462336756 -0.1102888500901 -0.3984472629137 -0.6316811073422 
0.09398657571812 -0.1079765554777 -0.3935917597144 -0.6221953652948 
0.09915722160435 -0.1056211933121 -0.3886041844076 -0.6124213393534 
0.1045762701916 -0.1032259377736 -0.3834869630243 -0.6023626499404 
0.1102537386273 -0.1007942175319 -0.3782429619108 -0.5920241038335 
0.1161999582583 -0.09832969805107 -0.3728754865402 -0.5814117505909 
0.122425580847 -0.09583625971129 -0.367388276497 -0.5705329332576 
0.1289415847819 -0.09331797181883 -0.3617854965276 -0.5593963320795 
0.1357592812774 -0.09077906269352 -0.3560717236267 -0.5480119998917 
0.1428903205578 -0.08822388616416 -0.3502519302136 -0.5363913878084 
0.1503466980203 -0.0856568849474 -0.3443314635518 -0.5245473598295 
0.1581407603723 -0.08308255153903 -0.3383160216637 -0.5124941949928 
0.1662852117359 -0.08050538740004 -0.3322116260965 -0.5002475757502 
0.1747931197167 -0.07792986136526 -0.3260245919966 -0.4878245613366 
0.1836779214279 -0.07536036833423 -0.3197614960461 -0.4752435450292 
0.1929534294678 -0.07280118941069 -0.3134291429008 -0.4625241943758 
0.2026338378408 -0.07025645473067 -0.307034530834 -0.4496873736972 
0.2127337278194 -0.06773011024972 -0.3005848173394 -0.4367550484448 
0.2232680737388 -0.06522588973709 -0.2940872854633 -0.423750171322 
0.2342522487183 -0.06274729314255 -0.2875493116218 -0.410696550451 
0.2457020303044 -0.06029757235162 -0.2809783356089 -0.3976187002767 
0.2576336060276 -0.0578797251264 -0.2743818334147 -0.3845416763479 
0.2700635788669 -0.05549649773996 -0.267767293342 -0.3714908955823 
0.2830089726155 -0.05315039645937 -0.2611421957506 -0.3584919440967 
0.2964872371412 -0.05084370762315 -0.2545139965581 -0.3455703751566 
0.3105162535332 -0.04857852561033 -0.2478901144065 -0.3327515002356 
0.3251143391307 -0.04635678752834 -0.2412779211676 -0.3200601765797 
0.3403002524233 -0.04418031298244 -0.2346847352199 -0.3075205949973 
0.3560931978189 -0.04205084685738 -0.2281178167022 -0.2951560718427 
0.372512830269 -0.03997010267525 -0.2215843637508 -0.2829888492984 
0.3895792597471 -0.03793980382277 -0.2150915085713 -0.2710399080763 
0.407313055569 -0.03596171979845 -0.2086463121013 -0.2593287965373 
0.4257352505512 -0.03403769463967 -0.2022557560016 -0.2478734799635 
0.4448673449965 -0.03216966487332 -0.1959267307743 -0.2366902133058 
0.4647313105013 -0.03035966469943 -0.1896660189655 -0.2257934401813 
0.4853495935753 -0.02860981666476 -0.183480272651 -0.2151957202139 
0.5067451190659 -0.02692230679811 -0.1773759847362 -0.2049076860313 
0.5289412933803 -0.02529934403086 -0.1713594539992 -0.1949380303709 
0.5519620074954 -0.02374310467505 -0.1654367442568 -0.1852935228427 
0.5758316397484 -0.02225566372052 -0.1596136385048 -0.1759790549976 
0.6005750583996 -0.02083891568074 -0.1538955893501 -0.1669977114815 
0.6262176239589 -0.01949448859455 -0.1482876674779 -0.1583508642786 
0.6527851912673 -0.01822365550977 -0.1427945102418 -0.1500382863914 
0.6803041113255 -0.01702724827214 -0.1374202727101 -0.1420582808053 
0.7088012328599 -0.01590557866699 -0.1321685836098 -0.1344078202782 
0.7383039036186 -0.01485837187657 -0.1270425085671 -0.1270826933853 
0.7688399713875 -0.01388471680858 -0.1220445228482 -0.1200776523486 
0.8004377847188 -0.0129830371308 -0.1171764954462 -0.1133865584812 
0.8331261933616 -0.01215108584532 -0.1124396858746 -0.1070025215535 
0.8669345483871 -0.01138596501209 -0.107834754425 -0.1009180300171 
0.9018927019991 -0.01068417086003 -0.1033617859721 -0.09512506975476 
0.9380310070197 -0.01004166309643 -0.09902032671115 -0.08961522982089 
0.9753803160432 -0.009453955838759 -0.09480943252715 -0.08437979444044 
1.013971980247 -0.008916226344413 -0.09072772708227 -0.07940982130226 
1.053837847851 -0.008423436690552 -0.08677346720134 -0.07469620686602 
1.09501026222 -0.007970462830127 -0.0829446127771 -0.07022973996579 
1.137522059593 -0.007552225069683 -0.07923889822583 -0.06600114541212 
1.181406566435 -0.007163814002429 -0.07565390251551 -0.06200111955118 
1.226697596404 -0.00680060628068 -0.07218711495729 -0.05822035983419 
1.273429446919 -0.006458365292486 -0.06883599428258 -0.05464959039127 
1.321636895321 -0.006133322761981 -0.06559801899407 -0.05127958541092 
1.371355194626 -0.005822238447284 -0.06247072754338 -0.04810119182836 
1.422620068848 -0.005522436378049 -0.05945174750889 -0.04510535245471 
1.47546770789 -0.005231817367623 -0.05653881357976 -0.04228313027114 
1.529934762001 -0.004948848766489 -0.0537297747555 -0.03962573420074 
1.586058335771 -0.004672533518687 -0.05102259170618 -0.0371245462881 
1.643875981682 -0.004402361481288 -0.0484153256776 -0.03477114988619 
1.703425693177 -0.0041382466275 -0.04590612064838 -0.03255735819282 
1.764745897267 -0.003880454155797 -0.04349318064083 -0.03047524230261 
1.827875446645 -0.003629521669647 -0.04117474415563 -0.02851715785121 
1.892853611308 -0.003386178491984 -0.03894905764864 -0.02667576932099 
1.959720069687 -0.003151266866845 -0.03681434981333 -0.02494407114339 
2.028514899263 -0.002925668319695 -0.0347688081946 -0.02331540485956 
2.099278566665 -0.002710237845755 -0.03281055936315 -0.02178347177129 
2.172051917251 -0.002505747921884 -0.03093765354841 -0.02034234071292 
2.246876164157 -0.002312843640084 -0.02914805428635 -0.01898645078437 
2.323792876806 -0.00213200958207 -0.02743963330746 -0.01771060909225 
2.402843968877 -0.001963548430057 -0.02581017058682 -0.01650998373624 
2.484071685719 -0.001807570766022 -0.02425735921692 -0.01538009244329 
2.567518591215 -0.001663995068029 -0.022778814552 -0.01431678738498 
2.653227554076 -0.001532556577441 -0.02137208691701 -0.01331623681081 
2.741241733572 -0.001412823486399 -0.02003467707289 -0.01237490419062 
2.831604564689 -0.001304218776163 -0.0187640535829 -0.01148952558433 
2.924359742707 -0.001206046013704 -0.01755767122479 -0.01065708595025 
3.019551207196 -0.001117517472889 -0.0164129896351 -0.009874795067913 
3.117223125423 -0.001037783071976 -0.01532749144679 -0.009140063693776 
3.217419875175 -0.0009659587945413 -0.01429869928012 -0.008450480493526 
3.320186026983 -0.0009011534700279 -0.01332419106257 -0.007803790208348 
3.425566325751 -0.0008424930177453 -0.01240161327729 -0.00719787342026 
3.533605671791 -0.0007891414908372 -0.01152869186523 -0.00663072818768 
3.644349101251 -0.0007403184831013 -0.0107032406271 -0.006100453731095 
3.75784176595 -0.0006953126724708 -0.009923167083571 -0.005605236263202 
3.874128912606 -0.0006534914636454 -0.009186475851513 -0.005143336980703 
3.993255861463 -0.000614306854201 -0.008491269678787 -0.004713082167831 
4.115267984322 -0.0005772977809114 -0.007835748348157 -0.00431285530563 
4.240210681967 -0.0005420893051537 -0.007218205712584 -0.003941091036434 
4.368129360996 -0.0005083890687941 -0.006637025159252 -0.003596270799845 
4.499069410056 -0.0004759814966029 -0.006090673819434 -0.003276919934079 
4.633076175488 -0.0004447202407589 -0.00557769584714 -0.002981606024203 
4.770194936384 -0.0004145193605334 -0.005096705083118 -0.002708938275169 
4.910470879062 -0.0003853437094536 -0.004646377404159 -0.002457567691617 
5.053949070957 -0.0003571989667861 -0.004225443032935 -0.00222618785673 
5.200674433956 -0.0003301217037493 -0.003832679052621 -0.00201353611769 
5.350691717153 -0.0003041698209084 -0.003466902335466 -0.001818395004263 
5.50404546906 -0.0002794136349158 -0.003126963056918 -0.001639593728422 
5.660780009266 -0.000255927832933 -0.00281173892852 -0.001476009635784 
5.82093939956 -0.0002337844541121 -0.002520130245024 -0.001326569502876 
5.984567414531 -0.0002130470014004 -0.002251055805079 -0.001190250597146 
6.151707511647 -0.0001937657351913 -0.002003449731403 -0.001066081438513 
6.322402800836 -0.0001759741541358 -0.001776259186279 -0.0009531422215728 
6.496696013581 -0.0001596866284896 -0.001568442951911 -0.0008505648759497 
6.674629471535 -0.0001448971181248 -0.001378970823055 -0.0007575327585043 
6.856245054681 -0.0001315788809115 -0.001206823741366 -0.0006732799849487 
7.04158416905 -0.0001196850574169 -0.001050994587215 -0.0005970904199004 
7.230687714008 -0.0001091500044812 -0.0009104895349955 -0.0005282963535104 
7.423596049146 -9.989124267733e-05 -0.0007843298720842 -0.0004662768996609 
7.620348960779 -9.181188037483e-05 -0.00067155417914 -0.0004104561554731 
7.820985628072 -8.480337940087e-05 -0.0005712207700844 -0.0003603011646944 
8.025544588834 -7.87485334105e-05 -0.0004824102933886 -0.0003153197286688 
8.234063704978 -7.352453930809e-05 -0.0004042284018089 -0.0002750581082559 
8.446580127689 -6.900605368064e-05 -0.00033580840502 -0.0002390986584986 
8.663130262318 -6.506813953406e-05 -0.0002763138282651 -0.000207057435276 
8.883749733022 -6.158902301439e-05 -0.0002249408097783 -0.0001785818098522 
9.108473347193 -5.845259469976e-05 -0.0001809202799684 -0.0001533481233433 
9.337335059682 -5.555060494226e-05 -0.000143519875838 -0.0001310594088794 
9.570367936871 -5.278451720286e-05 -0.0001120455545666 -0.0001114432048022 
9.807604120599 -5.006699700155e-05 -8.584288034159e-05 -9.424947777107e-05 
10.04907479199 -4.732302672518e-05 -6.429796817862e-05 -7.924867026591e-05 
10.29481013522 -4.449064787635e-05 -4.683807745082e-05 -6.622988280251e-05 
10.54483930122 -4.152134227425e-05 -3.293185602009e-05 -5.499919727343e-05 
10.7991903714 -3.838007215107e-05 -2.208924313969e-05 -4.53781442787e-05 
11.05789032138 -3.504500598399e-05 -1.386104561588e-05 -3.720231414923e-05 
11.32096498483 -3.150696228974e-05 -7.838207048685e-06 -3.032010862235e-05 
11.58843901736 -2.776860753443e-05 -3.65079432012e-06 -2.459162781293e-05 
11.86033586059 -2.384344686447e-05 -9.667288819487e-07 -1.98876852365e-05 
12.13667770636 -1.975464765099e-05 5.097071414406e-07 -1.608894216722e-05 
12.41748546121 -1.553373599071e-05 1.039558420781e-06 -1.308515153485e-05 
12.7027787111 -1.12192054593e-05 8.510450412492e-07 -1.077450085045e-05 
12.9925756864 -6.855075716646e-06 1.415397654757e-07 -9.063043268161e-06 
13.28689322725 -2.489436158186e-06 -9.203580216953e-07 -7.86420580318e-06 
13.58574674929 1.826993154623e-06 -2.192682559894e-06 -7.098363896289e-06 
13.88915020987 6.042254431824e-06 -3.557925473033e-06 -6.692471898874e-06 
14.19711607463 1.010447378105e-05 -4.920850440745e-06 -6.579739618086e-06 
14.50965528468 1.396309017912e-05 -6.206323964751e-06 -6.699345763769e-06 
14.82677722429 1.756997434854e-05 -7.357184984003e-06 -6.996179947585e-06 
15.14848968921 2.08804239576e-05 -8.332173520955e-06 -7.420605763644e-06 
15.47479885563 2.385402531306e-05 -9.103935893842e-06 -7.928238401115e-06 
15.80570924983 2.645537527034e-05 -9.657121363799e-06 -8.47973117516e-06 
16.14122371856 2.86546604046e-05 -9.98658245297e-06 -9.040566289945e-06 
16.48134340023 3.042809351889e-05 -1.009568861536e-05 -9.580846047732e-06 
16.8260676969 3.175821028172e-05 -9.99476050062e-06 -1.00750815739e-05 
17.17539424717 3.263403116712e-05 -9.699629754499e-06 -1.050197692594e-05 
17.52931889998 3.305109590486e-05 -9.230327170936e-06 -1.08442071878e-05 
17.88783568938 3.301137933829e-05 -8.609900064594e-06 -1.108818980854e-05 
18.25093681029 3.252309892983e-05 -7.863357984909e-06 -1.122384902513e-05 
18.61861259539 3.160042517667e-05 -7.016744344939e-06 -1.124437371013e-05 
18.990851493 3.026310690242e-05 -6.096330196302e-06 -1.114596940528e-05 
19.3676400462 2.853602381196e-05 -5.127925239739e-06 -1.092760564479e-05 
19.7489628731 2.644867884904e-05 -4.136300217387e-06 -1.059075993966e-05 
20.13480264832 2.403464281656e-05 -3.144714075836e-06 -1.013915999163e-05 
20.52514008581 2.133096342635e-05 -2.174538711279e-06 -9.57852583667e-06 
20.91995392292 1.837755047897e-05 -1.244973694223e-06 -8.916313689931e-06 
21.31922090582 1.521654825202e-05 -3.728431115592e-07 -8.161463284252e-06 
21.7229157764 1.189170543458e-05 4.275334607304e-07 -7.324150465043e-06 
22.13101126051 8.447752107396e-06 1.144403840278e-06 -6.415546738159e-06 
22.54347805768 4.929792361255e-06 1.768587855004e-06 -5.447587366125e-06 
22.96028483241 1.382720191271e-06 2.293431371663e-06 -4.432749479342e-06 
23.38139820695 -2.14933467342e-06 2.714717133954e-06 -3.383841520325e-06 
23.80678275561 -5.623525331556e-06 3.030539462998e-06 -2.31380517369e-06 
24.23640100079 -8.998765963264e-06 3.24114947628e-06 -1.235530759964e-06 
24.6702134105 -1.223616602505e-05 3.348777043888e-06 -1.616868896737e-07 
25.10817839767 -1.529941754519e-05 3.357435235658e-06 8.954350073842e-07 
25.55025232105 -1.81551335423e-05 3.272712528361e-06 1.924060843738e-06 
25.99638948786 -2.07731363945e-05 3.101557548726e-06 2.913058467216e-06 
26.44654215819 -2.312669573134e-05 2.852060633156e-06 3.852046593288e-06 
26.90066055112 -2.519271609657e-05 2.533235995396e-06 4.731488141778e-06 
27.35869285261 -2.695187523665e-05 2.154807816502e-06 5.542768187995e-06 
27.8205852252 -2.838871440748e-05 1.72700311011e-06 6.278256871637e-06 
28.28628181952 -2.949168255655e-05 1.260353775899e-06 6.931357724689e-06 
28.75572478753 -3.025313663386e-05 7.655098388749e-07 7.496541984406e-06 
29.2288542977 -3.06693006146e-05 2.530654817018e-07 7.969369547416e-06 
29.70560855192 -3.074018608006e-05 -2.666008822394e-07 8.346497296456e-06 
30.18592380432 -3.046947740779e-05 -7.834715806027e-07 8.625675592743e-06 
30.66973438181 -2.9864384768e-05 -1.288019084314e-06 8.805733775126e-06 
31.15697270658 -2.893546821905e-05 -1.771319498446e-06 8.886555542177e-06 
31.64756932036 -2.769643624066e-05 -2.22515004127e-06 8.869045116344e-06 
32.14145291048 -2.616392204865e-05 -2.642070624263e-06 8.755085101736e-06 
32.6385503378 -2.435724100143e-05 -3.015489831128e-06 8.547486948132e-06 
33.13878666642 -2.229813234121e-05 -3.339715752263e-06 8.249934927293e-06 
33.64208519514 -2.001048841855e-05 -3.609992265057e-06 7.866924511531e-06 
34.14836749075 -1.752007442953e-05 -3.822521460578e-06 7.40369602254e-06 
34.65755342302 -1.485424155729e-05 -3.974473005835e-06 6.866164389564e-06 
35.16956120145 -1.204163625428e-05 -4.063981299357e-06 6.260845822717e-06 
35.68430741373 -9.111908238508e-06 -4.09013132903e-06 5.594782169357e-06 
36.20170706581 -6.095419601104e-06 -4.052934174927e-06 4.875463681006e-06 
36.72167362369 -3.022957244982e-06 -3.953293120538e-06 4.110750874396e-06 
37.24411905679 7.45493060171e-08 -3.792961342681e-06 3.308796126517e-06 
37.7689538829 3.166302870497e-06 -3.574492146884e-06 2.477965596725e-06 
38.29608721466 6.221904664672e-06 -3.301182701564e-06 1.626762024177e-06 
38.82542680753 9.211609943581e-06 -2.977012203507e-06 7.637489025401e-07 
39.35687910925 1.210657189042e-05 -2.606575378763e-06 -1.02523510298e-07 
39.89034931066 1.487907257618e-05 -2.195012190789e-06 -9.63589933516e-07 
40.4257413979 1.750273996541e-05 -1.74793458935e-06 -1.811139183417e-06 
40.96295820594 1.995275008622e-05 -1.27135109457e-06 -2.637080340093e-06 
41.50190147334 2.220601361815e-05 -7.715899668332e-07 -3.433605666312e-06 
42.04247189819 2.42413462743e-05 -2.552216704269e-07 -4.193250019842e-06 
42.58456919526 2.603962247032e-05 2.710187060497e-07 -4.908946533794e-06 
43.12809215418 2.758391187541e-05 8.003084534224e-07 -5.574078370002e-06 
43.67293869866 2.885959853711e-05 1.32581309453e-06 -6.182526378851e-06 
44.21900594667 2.985448235629e-05 1.840760552745e-06 -6.728712524902e-06 
44.76619027156 3.055886276585e-05 2.338513144668e-06 -7.207638960507e-06 
45.31438736392 3.096560453503e-05 2.812636944518e-06 -7.614922651389e-06 
45.86349229429 3.107018568303e-05 3.256968105421e-06 -7.946825476205e-06 
46.41339957653 3.087072753877e-05 3.665675757847e-06 -8.200279739731e-06 
46.96400323184 3.036800703316e-05 4.033321139083e-06 -8.37290905358e-06 
47.51519685329 2.956545135231e-05 4.354912638494e-06 -8.46304455207e-06 
48.06687367088 2.846911512033e-05 4.625956472503e-06 -8.469736422534e-06 
48.61892661697 2.708764031516e-05 4.842502730264e-06 -8.392760739914e-06 
49.17124839211 2.543219915473e-05 5.001186556101e-06 -8.232621604978e-06 
49.72373153104 2.351642022324e-05 5.099264258384e-06 -7.990548594559e-06 
50.27626846896 2.135629813808e-05 5.134644156201e-06 -7.668489540214e-06 
50.82875160789 1.897008709131e-05 5.105911996354e-06 -7.26909865981e-06 
51.38107338303 1.637817863265e-05 5.012350792314e-06 -6.795720074786e-06 
51.93312632912 1.360296409687e-05 4.853954956312e-06 -6.252366753677e-06 
52.48480314671 1.066868211871e-05 4.631438613879e-06 -5.64369493182e-06 
53.03599676816 7.601251720405e-06 4.34623800862e-06 -4.974974066151e-06 
53.58660042347 4.428091506656e-06 4.000507923863e-06 -4.252052394916e-06 
54.13650770571 1.177925553912e-06 3.597112066481e-06 -3.481318183789e-06 
54.68561263608 -2.119423358152e-06 3.139607378661e-06 -2.66965675285e-06 
55.23380972844 -5.433252459396e-06 2.632222263917e-06 -1.824403394163e-06 
55.78099405333 -8.73220885898e-06 2.07982873687e-06 -9.532923059066e-07 
56.32706130134 -1.198452970368e-05 1.487908529903e-06 -6.440168818372e-08 
56.87190784582 -1.515829166857e-05 8.625132170327e-07 8.339048341033e-07 
57.41543080474 -1.822166872615e-05 2.102184432072e-07 1.733040271986e-06 
57.95752810181 -2.114319703749e-05 -4.619276207792e-07 2.624259602839e-06 
58.49809852666 -2.389204569643e-05 -1.14646144408e-06 3.498728127963e-06 
59.03704179406 -2.643829193949e-05 -1.835566731323e-06 4.347592584776e-06 
59.5742586021 -2.875319930938e-05 -2.521142217268e-06 5.162054708205e-06 
60.10965068934 -3.080949712831e-05 -3.194874386537e-06 5.933446900804e-06 
60.64312089075 -3.258165950259e-05 -3.848314798576e-06 6.653309633672e-06 
61.17457319247 -3.404618193934e-05 -4.472961648486e-06 7.313470160887e-06 
61.70391278534 -3.518185351641e-05 -5.060345142354e-06 7.906122088993e-06 
62.2310461171 -3.597002240311e-05 -5.602116210816e-06 8.423905300093e-06 
62.75588094321 -3.639485239015e-05 -6.090138027325e-06 8.859985683508e-06 
63.27832637631 -3.644356795039e-05 -6.516579738428e-06 9.208134085793e-06 
63.79829293419 -3.610668522173e-05 -6.874011752406e-06 9.462803844497e-06 
64.31569258627 -3.537822618266e-05 -7.155501871177e-06 9.619206226157e-06 
64.83043879855 -3.425591318231e-05 -7.354711488636e-06 9.673383045519e-06 
65.34244657698 -3.274134089373e-05 -7.465991017409e-06 9.622275701423e-06 
65.85163250925 -3.084012268522e-05 -7.484473646865e-06 9.463789825432e-06 
66.35791480486 -2.856200835439e-05 -7.406166478723e-06 9.196854703753e-06 
66.86121333358 -2.592097014591e-05 -7.228038034401e-06 8.821476601828e-06 
67.3614496622 -2.293525398261e-05 -6.948101081387e-06 8.338785095492e-06 
67.85854708952 -1.962739288465e-05 -6.565489686532e-06 7.751071493655e-06 
68.35243067964 -1.6024179636e-05 -6.080529372951e-06 7.061818426813e-06 
68.84302729342 -1.215659588919e-05 -5.494799237377e-06 6.275719673471e-06 
69.33026561819 -8.059695080465e-06 -4.81118487706e-06 5.398689305798e-06 
69.81407619568 -3.772436762066e-06 -4.033920981755e-06 4.437859255877e-06 
70.29439144808 6.625297447338e-07 -3.168622470608e-06 3.401564437757e-06 
70.7711457023 5.199134116635e-06 -2.222303095525e-06 2.29931460814e-06 
71.24427521247 9.788207528627e-06 -1.203380496683e-06 1.141752212306e-06 
71.71371818048 1.437785970781e-05 -1.216667822166e-07 -5.940445784829e-08 
72.1794147748 1.89139107923e-05 1.011656183308e-06 -1.291433368525e-06 
72.64130714739 2.334037760498e-05 2.18407745702e-06 -2.540696569372e-06 
73.09933944888 2.760001323529e-05 3.381814168621e-06 -3.792744060518e-06 
73.55345784181 3.163489803059e-05 4.589885449041e-06 -5.032433865635e-06 
74.00361051214 3.538707923467e-05 5.792203208334e-06 -6.244068298188e-06 
74.44974767895 3.879925557717e-05 6.971679566343e-06 -7.411546210196e-06 
74.89182160233 4.181550211954e-05 8.110350436693e-06 -8.518530795537e-06 
75.3297865895 4.438202960727e-05 9.189514426911e-06 -9.548632282494e-06 
75.76359899921 4.644797147295e-05 1.018988584383e-05 -1.048560459591e-05 
76.19321724439 4.796619049222e-05 1.109176018597e-05 -1.131355479787e-05 
76.61860179305 4.889409592669e-05 1.187519006462e-05 -1.201716383088e-05 
77.03971516759 4.919446081182e-05 1.252016902398e-05 -1.258191679173e-05 
77.45652194232 4.883622788027e-05 1.30068202335e-05 -1.299434065996e-05 
77.86898873949 4.779529147402e-05 1.331558650399e-05 -1.324224709867e-05 
78.2770842236 4.605524171542e-05 1.342741754136e-05 -1.331497763879e-05 
78.68077909418 4.360805620159e-05 1.33239498009e-05 -1.320364826021e-05 
79.08004607708 4.045472359027e-05 1.298767375205e-05 -1.290139009692e-05 
79.47485991419 3.660578268484e-05 1.240208281466e-05 -1.240358272776e-05 
79.86519735168 3.208176003592e-05 1.15517976929e-05 -1.170807627662e-05 
80.2510371269 2.691348869053e-05 1.042265932629e-05 -1.081539834219e-05 
80.6323599538 2.114229057059e-05 9.001783205783e-06 -9.728941619365e-06 
81.009148507 1.482000508676e-05 7.277567386324e-06 -8.45512796704e-06 
81.38138740461 8.00884702549e-06 5.239646173472e-06 -7.003544633263e-06 
81.74906318971 7.810775215103e-07 2.878781191796e-06 -5.387048374724e-06 
82.11216431062 -6.781526925076e-06 1.866813690616e-07 -3.62183331331e-06 
82.47068110002 -1.458842087656e-05 -2.844256690837e-06 -1.727458568e-06 
82.82460575283 -2.254126334352e-05 -6.221296402523e-06 2.731680091214e-07 
83.1739323031 -3.053512721441e-05 -9.951805201362e-06 2.353853268393e-06 
83.51865659977 -3.845995093143e-05 -1.404380271552e-05 4.485232140471e-06 
83.85877628144 -4.620223526236e-05 -1.850662041336e-05 6.634933108417e-06 
84.19429075017 -5.364698420635e-05 -2.335167928674e-05 8.767797189091e-06 
84.52520114437 -6.067988481426e-05 -2.859339118257e-05 1.084615098589e-05 
84.85151031079 -6.718971602549e-05 -3.425018823697e-05 1.283013340545e-05 
85.17322277571 -7.307097156895e-05 -4.034568349228e-05 1.467807455212e-05 
85.49034471532 -7.822667659747e-05 -4.69099641851e-05 1.634692413244e-05 
85.80288392537 -8.257137209559e-05 -5.398101738625e-05 1.779272543161e-05 
86.11084979013 -8.60342353084e-05 -6.1606285659e-05 1.897112957815e-05 
86.41425325071 -8.856229858823e-05 -6.984434819319e-05 1.983794341463e-05 
86.71310677275 -9.012372326977e-05 -7.876672048993e-05 2.034970286305e-05 
87.0074243136 -9.071107960321e-05 -8.845976314113e-05 2.046426224418e-05 
87.2972212889 -9.034457855285e-05 -9.902668760277e-05 2.014138861214e-05 
87.58251453879 -8.907519658113e-05 -0.0001105896441451 1.934334883684e-05 
87.86332229364 -8.698763056569e-05 -0.0001232918744193 1.803547594982e-05 
88.13966413941 -8.420301693747e-05 -0.0001372999083764 1.618670020395e-05 
88.41156098264 -8.088134718415e-05 -0.000152805782659 1.377002943884e-05 
88.67903501517 -7.722351123835e-05 -0.0001700292551491 1.076296273295e-05 
88.94210967862 -7.347290116987e-05 -0.0001892199881576 7.14782101707e-06 
89.2008096286 -6.991651021987e-05 -0.0002106596708751 2.911978368518e-06 
89.45516069878 -6.688546673342e-05 -0.0002346640502568 -1.952021849439e-06 
89.70518986478 -6.475494912237e-05 -0.0002615848385674 -7.44648094838e-06 
89.95092520801 -6.394343675303e-05 -0.0002918114654671 -1.356870254609e-05 
90.1923958794 -6.491126268752e-05 -0.0003257726428534 -2.031130554732e-05 
90.42963206313 -6.815844755702e-05 -0.0003639377117753 -2.766270172177e-05 
90.66266494032 -7.422180948744e-05 -0.000406817742679 -3.56077441454e-05 
90.89152665281 -8.367136284964e-05 -0.0004549663630905 -4.412854924337e-05 
91.11625026698 -9.71060385008e-05 -0.0005089802906393 -5.320549111748e-05 
91.33686973768 -0.0001151487798765 -0.0005694995541125 -6.281836229808e-05 
91.55341987231 -0.0001384410924382 -0.0006372073909961 -7.294769008874e-05 
91.76593629502 -0.0001676371481432 -0.0007128298167071 -8.357619235418e-05 
91.97445541117 -0.0002033975712429 -0.0007971348683772 -9.469035104517e-05 
92.17901437193 -0.0002463830561781 -0.0008909315345459 -0.0001062820760882 
92.37965103922 -0.0002972479919018 -0.0009950683913277 -0.0001183504266493 
92.57640395085 -0.0003566342887574 -0.001110431975373 -0.0001309033513939 
92.76931228599 -0.0004251656231827 -0.001237944934048 -0.0001439594044032 
92.95841583095 -0.0005034423309786 -0.00137856400345 -0.0001575493891087 
93.14375494532 -0.0005920371906727 -0.001533277874896 -0.0001717178791913 
93.32537052847 -0.0006914923435482 -0.00170310502 -0.0001865245631277 
93.50330398642 -0.0008023175951686 -0.001889091553057 -0.00020204535819 
93.67759719916 -0.0009249903337348 -0.002092309216798 -0.0002183732404752 
93.84829248835 -0.001059957282466 -0.002313853583178 -0.0002356187401813 
94.01543258547 -0.001207638275685 -0.002554842564386 -0.0002539100560716 
94.17906060044 -0.001368432210888 -0.002816415330193 -0.0002733927500352 
94.33921999073 -0.001542725281528 -0.003099731725744 -0.0002942289919811 
94.49595453094 -0.00173090153765 -0.003405972278527 -0.0003165963370353 
94.64930828285 -0.001933355754306 -0.003736338874199 -0.0003406860311122 
94.79932556604 -0.002150508511862 -0.004092056167966 -0.0003667008572605 
94.94605092904 -0.002382823309208 -0.004474373781198 -0.0003948525535049 
95.08952912094 -0.002630825442613 -0.004884569311716 -0.0004253588528307 
95.22980506362 -0.002895122291962 -0.005323952161065 -0.0004584402170015 
95.36692382451 -0.003176424565664 -0.005793868153165 -0.0004943163574076 
95.50093058994 -0.003475567969215 -0.006295704886532 -0.0005332026573327 
95.631870639 -0.003793534684627 -0.00683089772755 -0.0005753066299949 
95.75978931803 -0.004131473983338 -0.007400936315804 -0.0006208245644175 
95.88473201568 -0.004490721248804 -0.008007371415407 -0.0006699385254998 
96.00674413854 -0.00487281466207 -0.008651821910021 -0.0007228138843874 
96.12587108739 -0.005279508809177 -0.009335981705131 -0.000779597559183 
96.24215823405 -0.0057127845083 -0.01006162627113 -0.0008404171430108 
96.35565089875 -0.00617485423107 -0.0108306185364 -0.0009053810853949 
96.46639432821 -0.006668162609859 -0.01164491382309 -0.0009745800729386 
96.57443367425 -0.00719538168272 -0.01250656351103 -0.001048089725794 
96.67981397302 -0.007759400730073 -0.0134177171199 -0.001125974687134 
96.78258012482 -0.008363310800011 -0.01438062251701 -0.001208294134002 
96.88277687458 -0.009010384297218 -0.01539762398952 -0.001295108680268 
96.9804487928 -0.009704050316344 -0.01647115796709 -0.001386488577394 
97.07564025729 -0.01044786672303 -0.01760374624287 -0.001482523048346 
97.16839543531 -0.01124549031048 -0.01879798661785 -0.001583330517217 
97.25875826643 -0.0121006466689 -0.02005654098459 -0.00168906942531 
97.34677244592 -0.01301710167899 -0.02138212096835 -0.001799949258044 
97.43248140878 -0.01399863675648 -0.0227774713544 -0.001916241350522 
97.51592831428 -0.01504903010797 -0.0242453516449 -0.00203828899833 
97.59715603112 -0.01617204628676 -0.02578851620255 -0.002166516379023 
97.67620712319 -0.01737143623652 -0.02740969354524 -0.00230143579382 
97.75312383584 -0.01865094976481 -0.02911156544923 -0.002443652772384 
97.82794808275 -0.02001436198244 -0.03089674659208 -0.002593868649192 
97.90072143334 -0.02146551467614 -0.03276776551282 -0.002752880319227 
97.97148510074 -0.02300837285541 -0.03472704768028 -0.002921577012703 
98.04027993031 -0.02464709584808 -0.03677690143493 -0.003100934089874 
98.10714638869 -0.02638612134529 -0.03891950750289 -0.00329200404142 
98.17212455336 -0.02823025975896 -0.04115691266886 -0.003495905078222 
98.23525410273 -0.03018479521313 -0.04349102804115 -0.003713807894588 
98.29657430682 -0.03225558851309 -0.0459236321479 -0.003946921376772 
98.35612401832 -0.03444917659997 -0.0484563788773 -0.004196478188082 
98.41394166423 -0.03677286238177 -0.05109081002449 -0.004463721276574 
98.470065238 -0.03923478851059 -0.05382837194666 -0.004749892405773 
98.52453229211 -0.04184398871229 -0.0566704355692 -0.005056223789912 
98.57737993115 -0.04461041071605 -0.05961831874542 -0.005383933813822 
98.62864480537 -0.04754490569679 -0.06267330976573 -0.005734227630167 
98.67836310468 -0.05065918042228 -0.06583669065432 -0.006108303156289 
98.72657055308 -0.05396570994568 -0.0691097587948 -0.006507362649998 
98.7733024036 -0.05747761062319 -0.07249384540079 -0.006932629646068 
98.81859343356 -0.06120847535562 -0.07599032939891 -0.007385370607624 
98.86247794041 -0.06517217511577 -0.07960064542013 -0.007866920219026 
98.90498973778 -0.06938263287939 -0.08332628479831 -0.008378708852459 
98.94616215215 -0.07385357787099 -0.08716878874112 -0.008922290412722 
98.98602801975 -0.07859828942157 -0.09112973315681 -0.009499368534856 
99.02461968396 -0.0836293405926 -0.09521070497249 -0.01011181900263 
99.06196899298 -0.08895835196327 -0.09941327014669 -0.01076170628967 
99.098107298 -0.09459576556627 -0.1037389339418 -0.01145129230605 
99.13306545161 -0.1005506479038 -0.1081890943598 -0.01218303575601 
99.16687380664 -0.1068305293409 -0.1127649899412 -0.01295958096186 
99.19956221528 -0.1134412850735 -0.1174676433678 -0.01378373555569 
99.23116002861 -0.1203870604457 -0.1222978024817 -0.01465843705051 
99.26169609638 -0.1276702408377 -0.127255880438 -0.01558670893247 
99.29119876714 -0.1352914638237 -0.1323418967326 -0.01657160752296 
99.31969588867 -0.1432496690264 -0.1375554208069 -0.01761616140088 
99.34721480873 -0.1515421791911 -0.1428955198242 -0.01872330561382 
99.37378237604 -0.1601648046366 -0.1483607120526 -0.019895813214 
99.3994249416 -0.1691119624566 -0.1539489270888 -0.02113622681024 
99.42416836025 -0.1783768017066 -0.1596574739258 -0.02244679282583 
99.4480379925 -0.187951326278 -0.1654830176201 -0.02382940099669 
99.47105870662 -0.1978265081823 -0.1714215650609 -0.02528553135189 
99.49325488093 -0.207992385427 -0.1774684601 -0.02681621051234 
99.51465040642 -0.2184381404478 -0.1836183880644 -0.02842197865678 
99.5352686895 -0.2291521569939 -0.1898653894637 -0.03010286796938 
99.555132655 -0.240122055325 -0.1962028825165 -0.03185839283904 
99.57426474945 -0.2513347074062 -0.2026236939568 -0.03368755155869 
99.59268694443 -0.2627762353671 -0.2091200974504 -0.03558883880379 
99.61042074025 -0.2744319977397 -0.215683858845 -0.03756026777678 
99.62748716973 -0.2862865688275 -0.2223062873951 -0.03959940060348 
99.64390680218 -0.2983237169765 -0.2289782920508 -0.04170338536768 
99.65969974758 -0.3105263875115 -0.2356904418591 -0.04386899807208 
99.67488566087 -0.3228766957082 -0.2424330295176 -0.04609268781154 
99.68948374647 -0.3353559344485 -0.2491961371161 -0.04837062352751 
99.70351276286 -0.3479446002315 -0.2559697031227 -0.05069874086486 
99.71699102738 -0.3606224400588 -0.2627435897003 -0.05307278785683 
99.72993642113 -0.3733685204856 -0.2695076494817 -0.0554883684025 
99.74236639397 -0.3861613188839 -0.2762517909841 -0.05794098275446 
99.7542979697 -0.398978835802 -0.2829660419073 -0.06042606448779 
99.76574775128 -0.4117987262646 -0.2896406096284 -0.06293901365976 
99.77673192626 -0.4245984469975 -0.2962659382836 -0.06547522608226 
99.78726627218 -0.4373554159041 -0.3028327619075 -0.06803011880801 
99.79736616216 -0.4500471796885 -0.3093321531884 -0.07059915207352 
99.80704657053 -0.4626515853029 -0.3157555674829 -0.07317784804322 
99.81632207857 -0.4751469508892 -0.3220948818206 -0.07576180676333 
99.82520688028 -0.4875122320667 -0.3283424287212 -0.07834671976238 
99.83371478826 -0.4997271797477 -0.3344910247223 -0.08092838173354 
99.84185923963 -0.5117724861282 -0.3405339936058 -0.0835027007072 
99.84965330198 -0.5236299160432 -0.3464651843763 -0.08606570707655 
99.85710967944 -0.5352824214817 -0.3522789841217 -0.08861356178091 
99.86424071872 -0.5467142376781 -0.3579703259401 -0.09114256388623 
99.87105841522 -0.5579109598159 -0.3635346921751 -0.09364915773516 
99.87757441915 -0.5688595999651 -0.368968113244 -0.0961299397743 
99.88380004174 -0.5795486244103 -0.3742671623791 -0.09858166510707 
99.88974626137 -0.5899679720026 -0.3794289466325 -0.10100125377 
99.89542372981 -0.6001090545645 -0.3844510945094 -0.1033857966886 
99.9008427784 -0.6099647407005 -0.3893317406125 -0.1057325612384 
99.90601342428 -0.6195293246125 -0.3940695076785 -0.1080389963157 
99.91094537663 -0.6287984816838 -0.3986634863896 -0.1103027368126 
99.91564804284 -0.6377692126964 -0.4031132133325 -0.1125216073878 
99.92013053475 -0.6464397785807 -0.4074186474658 -0.1146936254324 
99.92440167481 -0.6548096275771 -0.4115801454387 -0.1168170031397 
99.92847000229 -0.6628793166214 -0.4155984360838 -0.1188901486053 
99.93234377941 -0.6706504286678 -0.419474594384 -0.1209116659055 
99.93603099748 -0.6781254875264 -0.4232100151884 -0.1228803541206 
99.93953938299 -0.6853078716494 -0.4268063869272 -0.1247952052939 
99.94287640369 -0.6922017281299 -0.4302656655477 -0.1266554013393 
99.94604927459 -0.6988118880169 -0.4335900488692 -0.1284603099292 
99.94906496398 -0.7051437838768 -0.4367819515271 -0.1302094794149 
99.95193019937 -0.7112033703715 -0.4398439806521 -0.1319026328466 
99.95465147335 -0.7169970484665 -0.4427789124084 -0.1335396611732 
99.95723504949 -0.72253159374 -0.4455896694886 -0.1351206157141 
99.9596869681 -0.7278140891297 -0.4482792996457 -0.1366457000008 
99.96201305197 -0.7328518623407 -0.4508509553228 -0.1381152610913 
99.96421891206 -0.7376524280296 -0.4533078744214 -0.1395297804638 
99.9663099531 -0.7422234347951 -0.4556533622358 -0.1408898645938 
99.96829137914 -0.7465726169281 -0.4578907745678 -0.1421962353175 
99.97016819905 -0.750707750813 -0.4600235020194 -0.1434497200792 
99.97194523191 -0.7546366158219 -0.4620549554564 -0.144651242157 
99.9736271124 -0.7583669595059 -0.4639885526214 -0.1458018109503 
99.975218296 -0.7619064668578 -0.4658277058703 -0.1469025124091 
99.97672306423 -0.7652627334011 -0.4675758109985 -0.1479544996744 
99.97814552976 -0.7684432418489 -0.4692362371185 -0.1489589839911 
99.97948964145 -0.771455342068 -0.4708123175449 -0.1499172259456 
99.98075918929 -0.7743062340874 -0.4723073416428 -0.1508305270733 
99.98195780928 -0.7770029538872 -0.47372454759 -0.1517002218716 
99.98308898823 -0.7795523617202 -0.4750671160038 -0.1525276702456 
99.98415606848 -0.7819611327197 -0.4763381643826 -0.1533142504088 
99.98516225248 -0.7842357495643 -0.4775407423099 -0.1540613522507 
99.98611060737 -0.7863824969836 -0.4786778273732 -0.1547703711814 
99.98700406939 -0.7884074578981 -0.479752321745 -0.1554427024523 
99.98784544827 -0.7903165110081 -0.48076704938 -0.1560797359524 
99.98863743147 -0.7921153296549 -0.4817247537798 -0.1566828514713 
99.9893825884 -0.7938093817951 -0.4826280962794 -0.1572534144198 
99.99008337447 -0.7954039309429 -0.4834796548132 -0.1577927719916 
99.99074213512 -0.7969040379471 -0.4842819231165 -0.1583022497516 
99.99136110972 -0.7983145634837 -0.4850373103235 -0.1587831486311 
99.99194243541 -0.7996401711567 -0.4857481409246 -0.1592367423106 
99.99248815077 -0.8008853311096 -0.4864166550456 -0.1596642749672 
99.99300019955 -0.8020543240629 -0.4870450090167 -0.1600669593666 
99.99348043414 -0.8031512457008 -0.4876352761977 -0.1604459752761 
99.99393061909 -0.8041800113383 -0.4881894480325 -0.1608024681756 
99.99435243444 -0.8051443608105 -0.4887094353023 -0.161137548246 
99.99474747901 -0.8060478635295 -0.4891970695541 -0.1614522896099 
99.99511727363 -0.8068939236658 -0.4896541046803 -0.161747729807 
99.99546326418 -0.80768578541 -0.4900822186257 -0.1620248694792 
99.99578682467 -0.8084265382832 -0.4904830152052 -0.1622846722489 
99.99608926013 -0.8091191224642 -0.4908580260098 -0.1625280647687 
99.99637180949 -0.8097663341068 -0.4912087123863 -0.1627559369263 
99.99663564831 -0.8103708306261 -0.4915364674753 -0.1629691421859 
99.99688189147 -0.8109351359336 -0.4918426182911 -0.1631684980506 
99.99711159578 -0.8114616456051 -0.4921284278344 -0.163354786631 
99.99732576249 -0.8119526319667 -0.4923950972221 -0.1635287553051 
99.99752533968 -0.8124102490894 -0.4926437678275 -0.1636911174569 
99.99771122469 -0.8128365376805 -0.4928755234191 -0.1638425532819 
99.99788426632 -0.8132334298651 -0.493091392291 -0.1639837106473 
99.99804526709 -0.8136027538513 -0.4932923493769 -0.1641152059987 
99.99819498531 -0.8139462384737 -0.4934793183411 -0.1642376253015 
99.99833413718 -0.8142655176117 -0.4936531736423 -0.1643515250111 
99.99846339874 -0.8145621344801 -0.4938147425623 -0.1644574330622 
99.99858340775 -0.814837545788 -0.4939648071982 -0.1645558498717 
99.99869476558 -0.8150931257687 -0.4941041064125 -0.164647249349 
99.99879803895 -0.8153301700755 -0.4942333377393 -0.164732079907 
99.99889376162 -0.8155498995472 -0.4943531592427 -0.1648107654704 
99.99898243603 -0.8157534638416 -0.4944641913263 -0.1648837064766 
99.99906453488 -0.815941944939 -0.4945670184915 -0.164951280865 
99.99914050265 -0.8161163605163 -0.4946621910433 -0.1650138450519 
99.999210757 -0.8162776671947 -0.4947502267435 -0.165071734888 
99.99927569021 -0.8164267636611 -0.494831612409 -0.1651252665964 
99.99933567048 -0.816564493667 -0.4949068054562 -0.165174737689 
99.99939104323 -0.8166916489063 -0.4949762353911 -0.165220427859 
99.99944213229 -0.816808971775 -0.4950403052444 -0.1652625998492 
99.99948924108 -0.8169171580152 -0.4950993929534 -0.1653015002943 
99.99953265375 -0.8170168592467 -0.4951538526896 -0.1653373605367 
99.9995726362 -0.817108685388 -0.4952040161335 -0.1653703974146 
99.99960943714 -0.8171932069709 -0.4952501936974 -0.1654008140232 
99.99964328903 -0.8172709573514 -0.4952926756968 -0.1654288004474 
99.99967440903 -0.8173424348188 -0.4953317334716 -0.1654545344667 
100 -0.8180903562497 -0.4957406098594 -0.1657241277385 
