# Status file for ctqmc. Used to save all times t_s, t_e.
8
8
7.601392269134521 7.248657941818237 0 0
22.05958366394043 21.92919254302979 0 0
34.11136269569397 33.94919633865356 0 0
35.64179441666795 35.52788081111426 0 0
43.43162775039673 43.28157901763916 0 0
55.00099662208733 54.89519322723096 0 0
74.28008139539064 74.17084722008356 0 0
82.20584137836413 82.15256929397583 0 0
13
3.446710109710693 3.280166154594681 0 0
18.30928325653076 18.45220714239559 0 0
21.35757211662614 21.31511569023132 0 0
40.43957591056824 41.13396406173706 0 0
49.28901195526123 48.44667911529541 0 0
49.35793876647949 49.35177564620972 0 0
53.10740238120957 52.62422073277548 0 0
61.14411354064941 60.87951059849388 0 0
74.20575618743896 74.18907602191177 0 0
83.25159549713135 83.25941562652588 0 0
88.24825688204426 88.2071296355013 0 0
94.09762651379866 93.86992231978756 0 0
98.94843314372181 98.92118573188782 0 0
20
0.4507958889007568 0.2032372113998093 0 0
1.621044560192786 1.51599645614624 0 0
2.642685174942017 3.348813230792302 0 0
17.58858561515808 18.0872917175293 0 0
18.21315288543701 18.31413002710948 0 0
28.14918160438538 28.24702858924866 0 0
34.35586094820451 34.47939286130008 0 0
40.98110795021057 40.54709076881409 0 0
43.83909405835126 43.87426913262496 0 0
53.79748344421387 53.78813147544861 0 0
56.93497657775879 57.25838757615023 0 0
59.41323637962341 58.31599831581116 0 0
62.42879033088684 61.90804839134216 0 0
68.76589059829712 68.38220658890612 0 0
71.99460623592822 71.90724384974034 0 0
81.97044237303231 82.07116932411843 0 0
83.39624826936971 82.73128476391207 0 0
90.38656335225214 90.36463352135777 0 0
91.69597508471388 90.79525470733643 0 0
92.62167862088208 91.75192659994511 0 0
20
0.3760457038879395 0.005525350570678711 0 0
4.538565874099731 3.889888525009155 0 0
12.19985485076904 12.58667571361514 0 0
15.76581001281738 16.31425023078918 0 0
20.8970205458919 20.69448828697205 0 0
24.26194548606873 24.86465573310852 0 0
25.41528293093116 25.4747535727031 0 0
28.83670888206101 29.94012832641602 0 0
31.32520914077759 31.33246898651123 0 0
47.09223220024269 47.10904510446423 0 0
53.75832319259644 53.44110131263733 0 0
61.81093313595916 60.81380478297039 0 0
62.10181884960871 61.99774707197001 0 0
70.07680535316467 69.62388519143013 0 0
73.0991952330893 73.1468519895888 0 0
80.46358987991897 80.45930009772017 0 0
80.81544041633606 80.92636466026306 0 0
81.9144286291388 82.16490509182847 0 0
94.00635901611663 93.7847912311554 0 0
97.0581591129303 97.03690409660339 0 0
19
1.243048906326294 1.651829481124878 0 0
8.40374231338501 8.436855204207475 0 0
13.07515501976013 13.03184356718914 0 0
22.87251949310303 22.96019792556763 0 0
24.56921640011293 24.23866987228394 0 0
24.91260740206336 24.82747435569763 0 0
37.16126084327698 36.87881859655133 0 0
41.75851345062256 41.09124541282654 0 0
44.18433005263313 43.57883953402573 0 0
44.90065348352629 44.72086429595947 0 0
46.19974493980408 46.2236762046814 0 0
50.86457464980941 50.9902506856038 0 0
62.71574716772511 62.71856202619688 0 0
65.76891697717767 65.72481393814087 0 0
67.73825287818909 67.93426275253296 0 0
77.33124542826639 77.77369022369385 0 0
80.34892096004225 80.84205893653262 0 0
82.54746794700623 82.46684074401855 0 0
83.58900547027588 84.57896709442139 0 0
26
5.334734916687012 6.074554358541228 0 0
6.252997895591341 6.29916787147522 0 0
7.550820407995024 7.523495042280922 0 0
8.151836390966826 8.581727937108615 0 0
11.55745445012917 11.18353605270386 0 0
17.76752277181401 17.74794702634066 0 0
21.20829820632935 21.10366821289062 0 0
25.87358355522156 25.77160953399938 0 0
27.92517442549678 27.73085240524976 0 0
27.96023269465496 27.93587912387386 0 0
28.65950337216696 28.74247669422158 0 0
32.61416729857842 32.58185298433318 0 0
41.16250872612 40.91003963539917 0 0
43.92873048782349 43.88159513473511 0 0
50.49380619386548 50.38949359404428 0 0
54.33368682861328 54.48584806740902 0 0
58.64036679267883 58.67627859115601 0 0
59.40781923655037 59.41404104232788 0 0
82.67854452133179 83.4001362323761 0 0
83.90417098999023 84.12019014358521 0 0
88.3079469203949 88.41373324394226 0 0
88.90154361724854 89.17643427848816 0 0
96.36962717725908 96.41436506382601 0 0
97.4321186542511 97.6368531929139 0 0
99.44099030192319 99.18084663236755 0 0
99.85668063163757 99.46331818605475 0 0
12
2.32664942741394 2.386704269783735 0 0
18.34238767623901 18.31697623135824 0 0
19.94532942771912 19.87317204475403 0 0
36.51789426803589 36.36267185211182 0 0
39.83332033082192 39.95319052903545 0 0
42.44223999996955 42.17510028717058 0 0
48.16967248916626 48.17633734974563 0 0
53.89274954795837 53.95485162734985 0 0
66.18513092298599 66.06956075150896 0 0
71.30890079451726 71.32902369827578 0 0
84.26592350006104 84.30703282356262 0 0
85.25407704102719 85.27259895047368 0 0
13
1.018828153610229 1.337265968322754 0 0
2.537614107131958 2.714544534683228 0 0
16.65127277374268 16.64097905158997 0 0
20.01132872084312 20.12936472892761 0 0
37.48738169670105 37.50512174480392 0 0
43.9993143081665 44.22273635864258 0 0
61.28121614456177 61.31772398948669 0 0
62.16481328010559 62.34167814254761 0 0
65.56941270828247 65.40707945823669 0 0
67.93059706687927 67.94645910786146 0 0
69.11603550700214 69.17591434688228 0 0
71.92546129226685 72.05138820249789 0 0
91.94895625114441 91.95587038993835 0 0
