# Status file for ctqmc. Used to save all times t_s, t_e.
8
16
7.710325717926025 7.82004030043931 0 0
9.362530708312988 9.09571647644043 0 0
21.0870623588562 21.16695642471313 0 0
25.04866719245911 24.98034238815308 0 0
27.12711994863327 27.15419297284285 0 0
50.46663284301758 50.95848441123962 0 0
52.00217366218567 52.0862877368927 0 0
59.14732217788696 58.26290725659912 0 0
65.42716701203048 65.30219792445077 0 0
66.79256567901102 66.74520373344421 0 0
70.64025966566251 70.64036708905081 0 0
79.58742452431693 79.48071956634521 0 0
87.20801346199593 87.39245533943176 0 0
94.27514566964872 93.97800845199953 0 0
95.29047808745004 94.35895644619085 0 0
96.19934950935314 96.07709104063709 0 0
12
0.211510320021874 0.1386297598218281 0 0
1.520184273195206 1.467239856719971 0 0
11.09455365151509 10.86527125824506 0 0
13.89179676387478 13.67277543493366 0 0
26.80967450141907 26.21700763702393 0 0
53.81144285202026 53.70307471835866 0 0
63.30499922800345 63.37359037437693 0 0
69.77772116661072 69.69040632247925 0 0
79.80661988258362 79.7188401222229 0 0
80.42360544204712 79.97021079063416 0 0
93.46287846565247 93.44988498647247 0 0
99.68529343605042 99.66609800749657 0 0
19
2.305654149504585 0.3587543964385986 0 0
3.609118762089736 2.814224465657326 0 0
4.949163159868537 4.847313137977737 0 0
11.35158286615642 11.23222793816488 0 0
22.93424606323242 22.81663013062472 0 0
26.60768201053614 26.34095549583435 0 0
28.28688025474548 27.19939008939482 0 0
36.18439254001008 35.72567202053673 0 0
36.40555136365256 36.30211664492004 0 0
44.65557336807251 44.52802538871765 0 0
52.62493706417821 52.33007125599384 0 0
56.50789141654968 56.48218393325806 0 0
62.292837103529 62.24407247017468 0 0
64.03948060146197 63.94858956336975 0 0
68.52515339851379 68.82116794586182 0 0
75.99547059809169 74.75043202207215 0 0
76.68939213729067 76.32240653038025 0 0
79.37569618225098 78.92457342649169 0 0
91.21519556902412 92.30546355247498 0 0
28
2.248364686965942 2.070111036300659 0 0
10.85933625174818 10.39009092321775 0 0
16.74846982690416 16.57336295558969 0 0
17.57581658127259 16.95632230629656 0 0
21.15148471627047 21.3670551776886 0 0
23.3623278466371 23.4496141945835 0 0
24.82271194458008 25.67124366760254 0 0
32.15554356575012 32.1189284324646 0 0
42.20502972602844 42.31284274190159 0 0
44.06442046165466 43.93306970596313 0 0
44.91118788719177 44.33059692382812 0 0
48.47866512397161 49.20297484632946 0 0
53.49738001823425 52.68217005462778 0 0
54.56178245709111 54.83196501231864 0 0
57.21654295921326 57.33513882140901 0 0
58.48299601876067 58.77448916435242 0 0
58.79069478972236 59.58403944969177 0 0
59.85191057560048 60.01273605313158 0 0
67.76954070703275 68.18698383135421 0 0
68.69747042655945 68.83872958311215 0 0
77.02036737800846 76.99256370493401 0 0
77.28604078292847 77.24563943501995 0 0
77.31876373291016 77.3155689239502 0 0
85.28305888175964 85.76056361198425 0 0
88.56182377570538 88.15367221832275 0 0
92.29707717895508 92.63420701026917 0 0
94.39117908477783 95.21468877792358 0 0
95.37493029038228 95.42196393013 0 0
20
0.1054823398590088 0.4626214504241943 0 0
0.6576001644134521 1.046955585479736 0 0
2.087919078795153 2.244055271148682 0 0
7.770522556425808 7.842738574056018 0 0
9.006170304202275 9.688573814106336 0 0
10.20803778182923 10.69020940260519 0 0
11.2989984216663 11.38155460357666 0 0
26.19581146534372 26.92210078239441 0 0
28.01707681156658 28.52829405390892 0 0
30.80698925299875 31.16239301005271 0 0
33.04266259061774 32.89066805080408 0 0
37.96527132121666 37.65207544495439 0 0
38.57091696977589 38.70197534561157 0 0
41.59356648591864 41.5776252746582 0 0
48.21434452059469 48.69896832161587 0 0
55.44301271438599 54.73469495773315 0 0
59.78012084960938 58.10486078262329 0 0
66.74803495407104 66.71676953743884 0 0
68.23327541351318 67.97116994857788 0 0
92.46330494921224 92.0148683105964 0 0
30
4.194885492324829 3.985834121704102 0 0
10.17018062199033 10.21685745872349 0 0
14.28531408309937 14.12802338600159 0 0
15.28846621513367 15.28278140844316 0 0
22.14585760194723 22.3647625238564 0 0
26.49109363555908 26.93378329277039 0 0
31.42487406730652 31.88610672950745 0 0
32.08634210896106 32.08943513126057 0 0
34.72100428950282 34.90959018606586 0 0
35.8392059803009 36.18803454766781 0 0
36.36143803596497 36.94216012954712 0 0
38.95917534828186 39.33210372924805 0 0
39.52399492263794 39.53478932380676 0 0
44.46264505386353 45.20483016967773 0 0
46.72446250915527 46.64485890760628 0 0
48.82433591081323 48.77309059431439 0 0
49.36187863349915 49.23933039374607 0 0
50.9433925151825 51.27509832382202 0 0
52.9219955766532 53.88867933773994 0 0
63.18149566650391 63.27986121177673 0 0
69.50626030278596 69.39019069287721 0 0
69.70804505784069 69.51876020677467 0 0
74.25621747970581 75.65460504372585 0 0
76.7728865146637 77.03283429145813 0 0
84.58541035652161 84.4300651051842 0 0
85.97413897514343 84.81898131855077 0 0
88.73732089996338 88.82083296775818 0 0
90.03748347717249 89.98731743403948 0 0
91.55378937721252 91.47016506296966 0 0
92.12331848619719 91.5793950548989 0 0
17
4.643946886062622 4.706560954416616 0 0
4.782307147979736 5.019426345825195 0 0
20.45863270759583 20.58846950531006 0 0
30.92381795451375 31.0421347618103 0 0
31.21716909960917 31.59679770469666 0 0
42.41791963577271 42.56269312298286 0 0
44.45240300757732 44.45412158966064 0 0
47.58016422276221 47.93256521224976 0 0
52.53628687099433 52.64245336894022 0 0
53.8122580644166 54.01614308357239 0 0
59.71427504601603 59.73191749849271 0 0
66.13626517634684 66.28562368808096 0 0
69.53886151313782 69.49650049209595 0 0
87.37644553184509 87.15609312057495 0 0
89.35297727584839 89.60156440734863 0 0
92.16938018798828 92.29029771292225 0 0
94.9671167132297 94.9685275554657 0 0
16
0.3825247287750244 1.401746273040771 0 0
5.904775857925415 6.351131200790405 0 0
10.00102758407593 9.872102737426758 0 0
27.67752408981323 28.01603674888611 0 0
28.24198404120785 28.2533291357574 0 0
33.7468683719635 33.96041989326477 0 0
48.49824905395508 48.12978828685657 0 0
55.15333414077759 55.1421046257019 0 0
70.5443799495697 70.4826295375824 0 0
74.57113862037659 74.32904839515686 0 0
74.76969361305237 74.57971572875977 0 0
75.58615460969327 75.62274046532211 0 0
77.54548608478767 77.95165997434377 0 0
78.87004536313282 78.90293071309745 0 0
79.07809197444635 79.28420901298523 0 0
87.73500323295593 87.70943459005584 0 0
