# Status file for ctqmc. Used to save all times t_s, t_e.
8
11
1.867270469665527 1.536768674850464 0 0
16.94648593987109 16.83009477625027 0 0
19.31857466697693 19.24874782562256 0 0
27.9619176917457 27.95591354370117 0 0
29.83447313308716 28.41894626617432 0 0
40.28187394142151 40.37331342697144 0 0
53.97847890853882 53.45527529716492 0 0
68.95983815193176 69.11334991455078 0 0
79.22797203063965 79.22170758247375 0 0
89.96959035695244 89.9455189704895 0 0
97.6318806566065 96.76391540885544 0 0
18
5.165724685226536 4.823173464418274 0 0
10.48212647438049 10.36816835403442 0 0
14.56490159034729 14.61973190307617 0 0
18.04862232246062 18.04285049438477 0 0
24.04847741127014 23.80035909037099 0 0
25.3241478387531 25.71186260401429 0 0
35.61583161354065 35.43009161949158 0 0
42.97835230827332 43.00463400887038 0 0
48.37272763252258 47.88764715194702 0 0
57.5015127658844 57.40311145782471 0 0
58.01954246374166 57.96049833297729 0 0
70.04131674766541 69.68589425086975 0 0
76.5360576745902 76.21726393699646 0 0
85.58094501495361 85.54825646072436 0 0
90.57498574256897 90.01071453094482 0 0
98.64763110997359 98.39559011078892 0 0
99.06226992607117 99.04016763270086 0 0
99.60395010987274 99.58149194717407 0 0
34
2.625092324888101 2.818027917437149 0 0
4.762482643127441 4.942142963409424 0 0
8.924955129623413 8.779418468475342 0 0
16.44054651260376 15.82803726196289 0 0
19.08493407974307 18.81217956542969 0 0
22.55155444145203 23.41550307222917 0 0
24.34179186820984 26.42596690510186 0 0
28.8922905921936 28.3359624728091 0 0
31.62069916725159 31.72633008895227 0 0
35.09648442268372 35.13126048968944 0 0
49.307781457901 49.73436035045962 0 0
51.81475877761841 51.52995586395264 0 0
54.40052151679993 54.51676844221636 0 0
55.17312288284302 55.14073652569513 0 0
56.12241755541999 56.04985616887522 0 0
56.78008100446809 57.00452181268699 0 0
57.64632450868628 57.71313999915497 0 0
59.93209481239319 59.63361151600756 0 0
61.25130653381348 61.27150058746338 0 0
61.31601644824281 61.51167591512776 0 0
67.15405575612479 67.07545751466942 0 0
68.42560129292148 68.32407712936401 0 0
70.63559889793396 69.61584401679062 0 0
77.01665759086609 77.13660597801208 0 0
83.86038835157734 83.91391376938529 0 0
85.06970405578613 85.03276559325113 0 0
85.54894168397205 85.42891985072956 0 0
85.75909733772278 85.61097383499146 0 0
86.9594931602478 86.93199753761292 0 0
88.61054829035098 88.85191134500978 0 0
92.21551418304443 92.47766826066554 0 0
92.51712367325808 92.54375076998211 0 0
96.49353623390198 98.29879865157959 0 0
99.54413771629333 99.17289614677429 0 0
20
4.53567755804869 4.701758141700956 0 0
14.80817794799805 14.88348425201955 0 0
21.07986216447839 21.40978984248431 0 0
21.7374177841352 22.08907053657941 0 0
22.30124677352701 22.43194580078125 0 0
24.36875104904175 24.54506158828735 0 0
31.64377956821163 31.65096044540405 0 0
35.88124299582006 35.97909212112427 0 0
41.59644842147827 41.34902396385742 0 0
48.86557459831238 48.92208576202393 0 0
51.21393706615791 50.71195889448319 0 0
55.54695725440979 55.71004152297974 0 0
59.27357981884711 59.10545753266803 0 0
61.96938896252421 61.84808029072164 0 0
80.81330025324547 80.47677278518677 0 0
85.60048212653868 85.58257723404843 0 0
93.79404783248901 93.59177350997925 0 0
96.11756373175442 95.60275077819824 0 0
96.23844249636265 96.17871641776874 0 0
96.96642756462097 97.81202819145344 0 0
16
3.104931116104126 3.104716539382935 0 0
6.503183362266896 6.833158078539725 0 0
8.207064867019653 8.331084251403809 0 0
13.87486146708306 13.73799506045255 0 0
14.02691433791485 14.0230042869288 0 0
15.48224919006358 15.31981290846716 0 0
26.38375163078308 25.93845129013062 0 0
31.25215768814087 31.22221827507019 0 0
31.53911718005347 31.53508305549622 0 0
34.02965068817139 33.89179706573486 0 0
37.25970363282582 37.23578957426908 0 0
39.14851225223353 39.08266425132751 0 0
44.29722428321838 44.22916769981384 0 0
80.40241942965417 80.8588519734311 0 0
82.43766136623181 82.53287154081478 0 0
91.529947063246 91.46437644958496 0 0
25
2.109748125076294 1.77350640296936 0 0
8.938995934940095 9.109351526060667 0 0
10.54604053497314 10.48613410919374 0 0
13.43837976455688 13.3408784866333 0 0
14.74247574806213 14.62695919604968 0 0
18.82154146044239 19.26530599594116 0 0
20.16008320143901 20.19626013281332 0 0
21.45881035022441 21.45652349316794 0 0
26.35087966918945 22.47862183431282 0 0
27.56164657724511 27.57115511603021 0 0
28.81954312324524 28.85379433510999 0 0
35.77979420144754 35.63847541809082 0 0
37.00100110494682 36.95695144554559 0 0
41.03136261975919 41.080088280017 0 0
41.57566047626027 41.61219745691453 0 0
42.30314422441062 42.75556396961059 0 0
47.06226587295532 47.28085398674011 0 0
57.71468281745911 57.2879433631897 0 0
58.23067746260947 58.27624616882832 0 0
60.56400537490845 60.5744663091638 0 0
66.69071316719055 66.65985345159267 0 0
81.59389199389722 81.96268809560758 0 0
85.84349155426025 86.33710741996765 0 0
91.32933616638184 91.18409156799316 0 0
98.38792085647583 97.13681947114681 0 0
12
1.179927587509155 1.449224586621985 0 0
23.05142221327708 23.72670769691467 0 0
24.33981630277915 24.89209471328457 0 0
25.54678673107178 25.2134479198908 0 0
33.44044064586031 33.81739258766174 0 0
43.21046303809659 43.0419857606374 0 0
44.7944164276123 44.80608701705933 0 0
52.8464165748829 53.19169163703918 0 0
64.78105187416077 65.2745246887207 0 0
68.48587565661575 68.54807734489441 0 0
79.07444834709167 79.12090420722961 0 0
97.31733202934265 97.54526290740402 0 0
11
29.77445125579834 29.9327552318573 0 0
31.23734783268226 31.27990834500629 0 0
36.13661723499769 36.19329333305359 0 0
36.6126184403571 36.76374542137495 0 0
39.86832463638942 39.90764021873474 0 0
47.16036319732666 47.33776450157166 0 0
53.45709698903338 53.5381555557251 0 0
56.06598854064941 55.9978918334477 0 0
63.59578967094421 63.53915333747864 0 0
82.5670063495636 82.63901848663231 0 0
97.35769629478455 96.66677117347717 0 0
