 #   N   K   Sz size
 1   0   0    0   1      2   3   4   5   6   7   8   9                  0                  0 
 2   1   0 -0.5   1      0  10  11  12  14  15  17  18                 -2                0.5 
 3   1   0  0.5   1     10   0  12  13  15  16  18  19                 -2                0.5 
 4   1   1 -0.5   1     11  12   0  10  17  18  14  15                  0                0.5 
 5   1   1  0.5   1     12  13  10   0  18  19  15  16                  0                0.5 
 6   1   2 -0.5   1     14  15  17  18   0  10  11  12                  0                0.5 
 7   1   2  0.5   1     15  16  18  19  10   0  12  13                  0                0.5 
 8   1   3 -0.5   1     17  18  14  15  11  12   0  10                  2                0.5 
 9   1   3  0.5   1     18  19  15  16  12  13  10   0                  2                0.5 
10   2   0    0   4     21  22  25  26  29  30  33  34     -3.29150262213                  0                  2      7.29150262213                  0                  0                  0                  0 
11   2   1   -1   2     24  25  20  21  32  33  28  29                 -2                  2                  1                  1 
12   2   1    0   4     25  26  21  22  33  34  29  30                 -2    -0.605551275464                  2      6.60555127546                  1                  0                  1                  0 
13   2   1    1   2     26  27  22  23  34  35  30  31                 -2                  2                  1                  1 
14   2   2   -1   2     28  29  32  33  20  21  24  25                 -2                  2                  1                  1 
15   2   2    0   4     29  30  33  34  21  22  25  26                 -2    -0.605551275464                  2      6.60555127546                  1                  0                  1                  0 
16   2   2    1   2     30  31  34  35  22  23  26  27                 -2                  2                  1                  1 
17   2   3   -1   2     32  33  28  29  24  25  20  21                  0                  0                  1                  1 
18   2   3    0   4     33  34  29  30  25  26  21  22                  0                  0                  0                  6                  0                  1                  1                  0 
19   2   3    1   2     34  35  30  31  26  27  22  23                  0                  0                  1                  1 
20   3   0 -1.5   1     36  37   0  41   0  44   0  47                  2                1.5 
21   3   0 -0.5   6     37  38  41  42  44  45  47  48     -1.35889894354     0.354248688935                  2      5.64575131106      7.35889894354                  8                0.5                0.5                1.5                0.5                0.5                0.5 
22   3   0  0.5   6     38  39  42  43  45  46  48  49     -1.35889894354     0.354248688935                  2      5.64575131106      7.35889894354                  8                0.5                0.5                1.5                0.5                0.5                0.5 
23   3   0  1.5   1     39  40  43   0  46   0  49   0                  2                1.5 
24   3   1 -1.5   1      0  41  36  37   0  47   0  44                  0                1.5 
25   3   1 -0.5   6     41  42  37  38  47  48  44  45     -2.48770234694                  0      1.02892847634      4.97107152366                  6      8.48770234694                0.5                1.5                0.5                0.5                0.5                0.5 
26   3   1  0.5   6     42  43  38  39  48  49  45  46     -2.48770234694                  0      1.02892847634      4.97107152366                  6      8.48770234694                0.5                1.5                0.5                0.5                0.5                0.5 
27   3   1  1.5   1     43   0  39  40  49   0  46   0                  0                1.5 
28   3   2 -1.5   1      0  44   0  47  36  37   0  41                  0                1.5 
29   3   2 -0.5   6     44  45  47  48  37  38  41  42     -2.48770234694                  0      1.02892847634      4.97107152366                  6      8.48770234694                0.5                1.5                0.5                0.5                0.5                0.5 
30   3   2  0.5   6     45  46  48  49  38  39  42  43     -2.48770234694                  0      1.02892847634      4.97107152366                  6      8.48770234694                0.5                1.5                0.5                0.5                0.5                0.5 
31   3   2  1.5   1     46   0  49   0  39  40  43   0                  0                1.5 
32   3   3 -1.5   1      0  47   0  44   0  41  36  37                 -2                1.5 
33   3   3 -0.5   6     47  48  44  45  41  42  37  38                 -2     -1.35889894354     0.354248688935                  4      5.64575131106      7.35889894354                1.5                0.5                0.5                0.5                0.5                0.5 
34   3   3  0.5   6     48  49  45  46  42  43  38  39                 -2     -1.35889894354     0.354248688935                  4      5.64575131106      7.35889894354                1.5                0.5                0.5                0.5                0.5                0.5 
35   3   3  1.5   1     49   0  46   0  43   0  39  40                 -2                1.5 
36   4   0   -2   1      0  50   0  54   0  58   0  62                  0                  2 
37   4   0   -1   4     50  51  54  55  58  59  62  63                  0                  6                  6                  6                  2                  1                  1                  1 
38   4   0    0  12     51  52  55  56  59  60  63  64     -1.63460305491    -0.695604351254                  0      5.06100129635                  6                  6                  6                  6      6.93899870365                 12      12.6956043513      13.6346030549                 -0                 -0                  2                 -0                  1                  1                  1                  0                  0                  0                  0                  0 
39   4   0    1   4     52  53  56  57  60  61  64  65                  0                  6                  6                  6                  2                  1                  1                  1 
40   4   0    2   1     53   0  57   0  61   0  65   0                  0                  2 
41   4   1   -1   4     54  55  50  51  62  63  58  59    -0.605551275464                  4      6.60555127546                  8                  1                  1                  1                  1 
42   4   1    0   8     55  56  51  52  63  64  59  60    -0.605551275464                  4                  4      5.39444872454      6.60555127546                  8                  8      12.6055512755                  1                  0                  1                  0                  1                  0                  1                  0 
43   4   1    1   4     56  57  52  53  64  65  60  61    -0.605551275464                  4      6.60555127546                  8                  1                  1                  1                  1 
44   4   2   -1   4     58  59  62  63  50  51  54  55    -0.605551275464                  4      6.60555127546                  8                  1                  1                  1                  1 
45   4   2    0   8     59  60  63  64  51  52  55  56    -0.605551275464                  4                  4      5.39444872454      6.60555127546                  8                  8      12.6055512755                  1                  0                  1                  0                  1                  0                  1                  0 
46   4   2    1   4     60  61  64  65  52  53  56  57    -0.605551275464                  4      6.60555127546                  8                  1                  1                  1                  1 
47   4   3   -1   4     62  63  58  59  54  55  50  51     -1.29150262213                  4                  6      9.29150262213                  1                  1                  1                  1 
48   4   3    0   8     63  64  59  60  55  56  51  52     -1.29150262213      2.70849737787                  4                  6                  6                  8      9.29150262213      13.2915026221                  1                  0                  1                  1                  0                  0                  1                  0 
49   4   3    1   4     64  65  60  61  56  57  52  53     -1.29150262213                  4                  6      9.29150262213                  1                  1                  1                  1 
50   5   0 -1.5   1      0   0   0  67   0  70   0  73                  4                1.5 
51   5   0 -0.5   6      0  66  67  68  70  71  73  74                  4      4.64110105646      6.35424868894                 10      11.6457513111      13.3588989435                1.5                0.5                0.5                0.5                0.5                0.5 
52   5   0  0.5   6     66   0  68  69  71  72  74  75                  4      4.64110105646      6.35424868894                 10      11.6457513111      13.3588989435                1.5                0.5                0.5                0.5                0.5                0.5 
53   5   0  1.5   1      0   0  69   0  72   0  75   0                  4                1.5 
54   5   1 -1.5   1      0  67   0   0   0  73   0  70                  6                1.5 
55   5   1 -0.5   6     67  68   0  66  73  74  70  71      3.51229765306                  6      7.02892847634      10.9710715237                 12      14.4877023469                0.5                1.5                0.5                0.5                0.5                0.5 
56   5   1  0.5   6     68  69  66   0  74  75  71  72      3.51229765306                  6      7.02892847634      10.9710715237                 12      14.4877023469                0.5                1.5                0.5                0.5                0.5                0.5 
57   5   1  1.5   1     69   0   0   0  75   0  72   0                  6                1.5 
58   5   2 -1.5   1      0  70   0  73   0   0   0  67                  6                1.5 
59   5   2 -0.5   6     70  71  73  74   0  66  67  68      3.51229765306                  6      7.02892847634      10.9710715237                 12      14.4877023469                0.5                1.5                0.5                0.5                0.5                0.5 
60   5   2  0.5   6     71  72  74  75  66   0  68  69      3.51229765306                  6      7.02892847634      10.9710715237                 12      14.4877023469                0.5                1.5                0.5                0.5                0.5                0.5 
61   5   2  1.5   1     72   0  75   0   0   0  69   0                  6                1.5 
62   5   3 -1.5   1      0  73   0  70   0  67   0   0                  8                1.5 
63   5   3 -0.5   6     73  74  70  71  67  68   0  66      4.64110105646      6.35424868894                  8      11.6457513111      13.3588989435                 14                0.5                0.5                1.5                0.5                0.5                0.5 
64   5   3  0.5   6     74  75  71  72  68  69  66   0      4.64110105646      6.35424868894                  8      11.6457513111      13.3588989435                 14                0.5                0.5                1.5                0.5                0.5                0.5 
65   5   3  1.5   1     75   0  72   0  69   0   0   0                  8                1.5 
66   6   0    0   4     76  77  78  79  80  81  82  83      8.70849737787                 12                 14      19.2915026221                  0                  0                  0                  0 
67   6   1   -1   2      0  78   0  76   0  82   0  80                 10                 14                  1                  1 
68   6   1    0   4     78  79  76  77  82  83  80  81                 10      11.3944487245                 14      18.6055512755                  1                  0                  1                  0 
69   6   1    1   2     79   0  77   0  83   0  81   0                 10                 14                  1                  1 
70   6   2   -1   2      0  80   0  82   0  76   0  78                 10                 14                  1                  1 
71   6   2    0   4     80  81  82  83  76  77  78  79                 10      11.3944487245                 14      18.6055512755                  1                  0                  1                  0 
72   6   2    1   2     81   0  83   0  77   0  79   0                 10                 14                  1                  1 
73   6   3   -1   2      0  82   0  80   0  78   0  76                 12                 12                  1                  1 
74   6   3    0   4     82  83  80  81  78  79  76  77                 12                 12                 12                 18                  0                  1                  1                  0 
75   6   3    1   2     83   0  81   0  79   0  77   0                 12                 12                  1                  1 
76   7   0 -0.5   1      0  84   0   0   0   0   0   0                 20                0.5 
77   7   0  0.5   1     84   0   0   0   0   0   0   0                 20                0.5 
78   7   1 -0.5   1      0   0   0  84   0   0   0   0                 18                0.5 
79   7   1  0.5   1      0   0  84   0   0   0   0   0                 18                0.5 
80   7   2 -0.5   1      0   0   0   0   0  84   0   0                 18                0.5 
81   7   2  0.5   1      0   0   0   0  84   0   0   0                 18                0.5 
82   7   3 -0.5   1      0   0   0   0   0   0   0  84                 16                0.5 
83   7   3  0.5   1      0   0   0   0   0   0  84   0                 16                0.5 
84   8   0   -0   1      0   0   0   0   0   0   0   0                 24                  0 

